Pen,Pen,Pen,Pen,Pen,Pen,Pen,Pen,Pen
809
243
809
242
808
241
807
241
805
240
804
239
803
239
801
239
800
239
799
238
796
237
795
236
794
236
793
236
792
235
790
235
788
235
784
233
781
232
778
232
777
231
774
230
772
230
771
230
769
229
768
229
767
229
766
229
765
229
763
227
761
227
758
227
755
227
752
227
749
229
746
230
743
230
741
230
739
231
738
231
735
232
733
233
731
233
730
233
727
235
725
235
723
235
719
236
715
236
713
236
711
237
708
237
707
237
705
237
704
237
703
237
700
237
699
237
698
237
697
237
696
238
694
238
693
239
691
240
689
241
687
242
686
243
685
244
681
245
679
247
678
248
676
248
675
250
673
251
672
252
669
254
668
254
667
254
666
256
665
257
664
258
663
260
661
261
661
263
660
264
659
265
658
268
658
269
656
272
655
274
654
275
653
276
652
278
652
280
649
281
649
284
649
285
647
288
646
290
646
293
644
295
643
299
643
301
641
303
641
305
640
308
638
311
637
313
637
316
636
317
635
319
634
320
633
322
633
323
633
324
633
326
632
326
632
327
632
328
631
329
631
331
630
333
630
335
629
336
629
337
630
338
631
338
632
338
632
339
632
340
633
340
633
341
632
342
632
343
632
345
632
346
632
348
631
349
631
351
630
353
630
354
630
356
628
359
628
361
627
362
627
365
626
366
625
369
625
371
625
373
625
374
624
375
624
377
622
377
622
379
622
381
622
383
621
384
620
386
619
387
619
389
619
390
619
392
619
394
619
395
619
396
618
398
618
399
618
400
618
401
618
402
618
403
618
405
618
407
618
408
618
411
618
412
619
414
619
416
619
417
619
418
619
420
619
421
619
422
619
423
620
424
621
425
622
426
622
427
622
428
622
429
622
431
623
432
624
434
625
435
625
437
625
438
626
440
626
442
626
445
626
448
626
449
628
453
628
457
630
459
631
461
631
462
632
465
633
468
634
473
634
475
635
478
636
480
637
483
637
485
638
488
639
490
640
494
641
496
642
497
643
497
643
499
643
500
643
501
643
502
644
503
644
504
645
507
646
508
646
510
646
511
646
513
647
516
647
517
648
519
649
521
651
525
652
527
653
530
654
533
655
536
658
539
659
541
661
544
661
546
663
548
664
551
665
553
667
556
668
558
669
561
670
563
672
566
673
568
673
569
675
570
676
571
679
572
679
573
681
575
682
576
682
577
684
578
685
579
688
580
689
581
691
584
694
585
697
587
700
587
702
589
705
590
707
592
710
593
712
595
715
597
718
599
721
600
722
601
725
602
728
604
731
604
734
605
736
607
738
608
740
609
741
610
744
611
746
613
747
614
749
614
751
616
754
617
755
617
757
618
760
618
761
620
763
620
765
620
766
620
766
622
769
622
770
622
771
622
772
622
773
622
775
622
776
622
778
622
780
622
784
622
785
620
788
620
791
620
793
621
795
621
798
621
799
621
802
621
805
621
808
621
810
621
812
621
814
621
816
621
817
621
818
621
819
621
820
621
821
621
822
621
823
621
824
621
826
621
828
621
829
621
831
621
832
621
834
621
835
623
837
623
838
623
839
623
840
623
841
623
842
623
843
623
844
623
845
623
846
623
847
624
849
624
850
624
851
624
852
624
853
624
856
624
857
625
859
625
860
625
862
626
863
626
865
626
866
626
868
626
869
626
870
626
871
626
873
626
874
626
876
626
877
626
878
626
880
626
882
626
883
626
883
627
884
627
885
627
886
627
887
627
888
627
889
627
890
627
891
627
892
627
894
627
895
627
896
627
898
627
899
627
901
627
902
627
903
627
904
627
905
627
906
627
907
627
907
626
909
626
910
625
911
625
913
624
914
624
916
623
917
623
918
623
920
622
922
622
924
620
926
620
928
620
929
619
932
619
936
617
938
616
940
615
941
614
943
614
945
613
946
613
946
612
948
611
949
611
951
611
952
610
953
608
955
608
956
608
956
607
957
607
959
605
960
605
961
604
962
603
964
603
965
602
966
602
967
600
969
599
970
598
972
597
973
597
974
596
976
594
978
594
979
593
980
591
982
590
982
589
983
588
985
587
986
587
988
584
990
583
991
581
993
581
995
578
997
578
997
576
999
575
1000
573
1002
572
1003
571
1004
569
1005
569
1006
568
1008
566
1009
565
1010
563
1012
560
1013
560
1015
558
1016
557
1018
555
1018
554
1019
552
1020
551
1021
551
1021
550
1022
548
1022
547
1024
546
1026
543
1027
542
1029
541
1030
539
1031
537
1033
536
1033
535
1033
534
1034
533
1035
531
1036
530
1036
528
1038
526
1040
523
1042
522
1042
520
1043
518
1044
516
1045
514
1046
512
1048
511
1048
509
1049
508
1050
506
1050
505
1051
503
1052
502
1052
500
1054
500
1054
497
1055
494
1057
492
1057
491
1058
488
1058
486
1060
482
1060
480
1060
476
1060
474
1060
471
1061
468
1062
467
1062
464
1062
462
1062
459
1063
458
1063
455
1064
452
1064
449
1064
446
1064
443
1064
440
1064
437
1064
434
1064
431
1066
428
1066
426
1066
422
1066
419
1066
417
1066
414
1066
412
1066
409
1066
407
1066
404
1066
401
1066
398
1066
397
1066
396
1066
395
1066
392
1066
389
1066
388
1066
386
1066
383
1066
380
1066
377
1066
374
1066
371
1067
368
1067
365
1069
362
1069
359
1069
356
1069
353
1069
349
1069
346
1069
343
1070
339
1070
336
1070
333
1070
329
1070
327
1071
324
1071
321
1071
319
1071
317
1071
314
1072
312
1072
311
1072
309
1072
307
1072
304
1072
302
1072
299
1072
297
1072
296
1072
293
1072
291
1072
288
1072
285
1072
284
1072
281
1072
278
1072
276
1072
273
1072
270
1070
268
1069
266
1069
263
1069
262
1069
260
1069
257
1068
255
1067
254
1067
253
1066
251
1066
248
1065
247
1065
245
1063
241
1063
240
1063
239
1062
236
1060
235
1060
234
1059
233
1059
231
1059
230
1057
229
1057
227
1055
225
1054
223
1053
221
1051
220
1050
218
1048
217
1045
215
1045
214
1042
213
1041
213
1040
212
1039
212
1037
212
1036
212
1035
210
1033
209
1032
209
1030
209
1029
209
1027
208
1027
207
1024
207
1023
206
1021
206
1018
205
1017
205
1016
204
1014
203
1012
203
1011
203
1009
201
1007
201
1004
201
1002
201
1000
200
997
200
995
200
994
200
991
200
988
200
985
200
982
200
981
200
979
200
976
200
973
200
972
200
970
200
967
200
966
200
962
200
959
201
958
201
954
202
950
202
949
202
946
202
943
203
941
203
939
203
937
203
934
203
931
204
928
205
928
206
927
206
925
207
922
208
920
209
918
209
917
209
916
211
913
212
911
212
910
212
907
213
904
215
901
215
898
217
897
217
895
218
892
218
890
219
887
221
885
222
883
222
880
224
877
225
876
225
873
226
871
226
869
227
866
228
866
229
865
229
864
229
863
230
862
230
859
232
857
231
855
232
854
233
853
233
852
233
850
234
849
235
848
235
847
236
844
236
843
237
842
238
840
238
838
239
837
239
835
239
834
239
832
239
831
240
829
240
828
240
827
240
826
240
825
240
824
240
823
240
822
240
821
240
820
239
819
239
818
239
817
239
816
239
815
238
814
238
813
238
812
238
811
238
811
236
810
236
809
236
808
236
807
236
805
235
804
235
803
235
802
234
801
234
799
234
798
233
797
233
796
233
795
233
794
233
793
233
792
233
791
233
790
233
END
255
255
0
0
1
810
236
811
235
811
234
811
233
812
232
814
231
814
230
815
229
817
228
817
227
817
224
819
222
820
221
820
219
822
217
823
215
824
215
825
213
826
212
826
211
827
210
827
209
829
206
830
203
830
202
832
200
832
199
832
197
834
195
835
193
836
192
837
191
838
188
839
187
840
186
841
184
842
184
844
182
844
179
845
179
847
177
848
176
848
173
850
172
850
170
852
169
853
167
855
166
857
164
860
162
862
160
864
160
867
158
869
156
872
155
874
152
877
151
877
150
880
149
881
148
883
147
883
146
886
145
888
145
890
143
892
143
895
140
898
139
900
137
903
136
906
135
908
134
910
134
911
133
913
133
915
133
916
133
918
132
920
132
921
132
922
132
924
132
927
131
928
131
929
131
930
131
931
132
931
133
931
134
932
134
933
134
933
135
934
135
934
136
934
137
934
138
934
139
934
140
934
141
934
142
934
143
934
144
934
145
935
145
936
145
936
146
937
146
937
147
939
147
939
148
940
148
940
149
940
150
942
150
942
151
943
151
942
151
941
151
940
151
939
151
938
152
937
152
936
152
934
152
932
152
931
152
929
152
927
152
925
153
924
154
922
154
922
155
921
155
919
156
919
157
918
158
916
158
915
158
914
158
914
159
913
160
913
161
912
161
911
163
909
164
907
164
906
164
904
166
903
166
901
167
900
167
900
168
899
169
898
169
897
169
895
169
895
170
892
170
892
171
892
172
891
172
890
172
889
173
888
174
886
176
885
177
884
179
883
179
880
181
878
182
877
183
874
185
873
186
871
187
869
188
867
189
866
191
865
192
864
193
862
194
861
194
861
195
861
196
860
197
859
197
858
198
857
199
857
200
856
200
855
200
855
201
854
203
853
203
852
203
851
205
850
206
848
206
847
208
845
209
844
210
843
211
842
212
841
212
841
213
840
213
839
214
838
215
838
216
837
218
837
219
836
221
835
222
835
223
835
225
834
227
834
228
832
230
832
232
831
234
830
235
830
236
829
237
829
239
829
240
828
241
828
242
827
242
826
243
826
245
826
246
826
247
826
248
826
249
826
251
825
251
825
252
825
254
824
254
823
254
823
256
823
257
822
257
822
256
822
255
822
254
822
253
821
253
820
251
819
250
819
249
819
248
818
247
818
246
818
245
817
244
817
243
816
242
816
241
816
240
816
239
815
239
815
238
814
238
814
237
814
236
814
235
814
234
814
233
814
232
814
231
814
230
814
231
814
232
814
233
814
234
814
236
813
237
812
239
812
240
812
241
812
242
812
243
812
244
812
245
813
245
814
246
815
247
815
248
817
248
817
249
820
251
821
251
822
251
823
252
825
253
826
253
826
254
827
254
828
254
828
253
828
252
828
251
828
250
828
249
828
248
828
247
828
245
828
242
828
240
829
238
830
234
END
255
165
42
42
1
829
227
828
227
828
228
827
228
827
229
827
230
826
230
826
231
826
232
826
233
824
234
825
236
825
237
823
239
821
242
821
243
820
245
820
246
820
247
819
248
819
249
818
249
818
250
817
251
817
252
817
253
817
252
817
251
817
248
817
246
817
245
818
244
818
242
818
240
819
239
819
238
819
237
820
236
821
235
821
234
821
233
822
233
822
232
822
231
823
230
824
230
824
229
825
229
825
228
825
227
826
227
826
226
826
225
826
224
826
223
826
222
826
221
827
221
827
220
827
218
828
218
828
217
828
216
828
215
829
215
829
214
829
213
829
212
830
212
831
212
832
210
832
209
832
208
833
208
833
207
834
207
834
206
835
206
836
206
836
204
838
204
838
203
839
203
839
202
839
201
839
200
840
200
841
200
842
200
842
199
842
198
843
198
844
198
845
197
846
197
847
197
848
196
848
195
849
195
850
195
851
195
853
195
854
194
855
194
855
193
856
193
856
192
856
191
857
191
857
190
857
189
857
188
858
188
858
187
858
186
858
185
859
184
859
183
859
182
860
182
862
182
862
180
862
179
862
178
862
177
863
177
863
176
864
175
865
173
866
171
866
170
868
168
869
167
871
166
871
164
871
163
872
163
873
163
873
162
874
162
876
162
877
162
879
162
880
162
882
161
885
161
886
161
886
160
887
160
888
160
889
160
889
159
890
159
890
158
891
158
892
158
893
158
894
158
895
157
896
157
897
157
898
155
899
155
901
155
902
155
904
154
905
154
906
154
907
154
908
154
909
153
912
153
913
152
915
151
916
151
917
150
919
149
920
149
920
148
921
148
922
146
922
145
922
144
922
143
922
142
922
141
922
140
922
139
921
138
920
138
919
139
916
139
913
139
912
139
908
139
906
139
904
139
902
140
901
140
900
140
899
140
898
140
896
140
895
140
893
140
892
141
891
142
889
143
889
144
888
144
888
145
887
145
886
147
884
149
883
150
882
152
880
153
880
154
880
155
879
157
877
158
877
159
877
160
876
161
874
162
874
163
872
164
871
164
870
164
870
165
870
166
869
167
866
167
866
170
864
170
862
171
862
172
859
173
859
174
857
175
853
176
852
178
850
179
846
182
844
185
841
185
840
188
838
188
838
191
837
191
836
193
835
195
836
195
837
195
839
195
841
195
844
194
847
194
847
193
850
193
851
191
853
190
855
188
858
188
859
186
862
186
867
185
870
185
873
183
876
182
877
182
877
181
878
179
879
179
880
179
881
179
882
178
883
177
883
176
884
176
884
174
885
173
886
173
888
171
889
171
891
170
893
168
895
168
898
167
900
166
901
166
904
164
905
164
907
163
908
163
908
162
910
161
911
161
912
161
913
161
914
161
915
161
917
160
919
159
920
159
921
158
922
158
923
158
924
158
924
157
924
156
924
155
925
155
925
154
927
152
927
151
927
150
926
149
925
149
END
255
165
42
42
16
1006
406
1006
405
1006
404
1002
406
994
411
986
417
973
426
958
436
956
437
941
446
929
455
917
462
911
464
912
463
917
457
925
453
937
445
949
438
963
431
979
423
990
418
994
414
995
410
997
410
983
409
964
409
940
409
913
410
886
412
865
415
863
415
847
416
841
416
839
416
841
413
854
404
871
397
897
387
925
375
953
364
971
356
982
350
982
347
970
344
947
344
922
343
889
344
853
348
826
353
808
353
799
353
800
353
809
349
827
346
848
341
873
335
890
329
904
324
910
320
910
316
903
314
890
312
889
312
871
311
852
311
835
313
820
315
811
316
807
317
808
317
813
317
823
317
833
314
838
312
841
311
841
309
833
307
819
304
806
304
792
302
779
302
772
302
773
302
779
300
787
298
798
296
807
294
812
293
814
292
814
290
813
290
812
290
812
289
813
288
813
287
813
286
811
284
810
284
808
284
808
283
806
281
805
281
805
280
805
279
805
278
806
276
806
273
808
270
808
268
808
266
807
266
806
266
802
265
801
265
801
264
801
263
799
263
798
263
796
263
795
262
794
262
793
262
792
262
790
262
789
261
787
261
786
260
784
260
783
260
781
260
778
259
777
259
775
257
773
257
772
257
771
256
768
254
766
253
765
253
764
253
764
252
763
252
763
251
762
251
761
250
759
250
757
250
756
250
755
250
752
249
748
249
743
250
738
251
734
251
730
251
727
251
723
252
721
253
715
253
709
254
705
254
702
255
700
257
699
257
697
257
697
258
696
258
694
259
694
261
691
262
689
264
688
264
688
265
686
266
685
266
683
267
681
270
678
271
675
273
672
275
668
276
667
278
664
279
664
281
662
282
661
282
660
284
658
285
658
286
658
287
656
289
655
291
654
294
653
297
653
298
650
302
649
305
644
314
643
317
642
320
641
322
641
323
640
324
640
326
639
328
638
329
637
332
635
335
635
338
635
340
635
341
635
344
634
347
633
349
632
353
631
356
631
360
631
362
631
365
631
368
631
370
631
371
631
374
631
377
631
380
631
382
631
386
631
389
631
392
631
395
631
398
631
401
631
406
631
410
631
414
631
419
633
423
633
427
634
431
634
436
635
440
636
445
637
449
638
455
639
458
640
464
642
467
643
470
646
475
648
479
649
482
651
485
652
488
652
491
653
494
655
496
656
497
657
502
660
506
661
509
663
512
664
515
666
519
667
522
668
526
670
527
670
532
673
533
676
536
677
539
679
542
680
545
682
546
682
548
684
550
685
552
685
554
687
556
687
557
688
559
690
561
691
563
691
564
692
564
692
566
692
567
694
569
695
571
697
573
700
575
703
576
703
577
702
580
703
581
704
581
707
582
707
583
708
584
709
585
710
586
712
587
713
590
714
590
714
592
715
592
716
593
717
593
718
593
719
593
720
593
721
594
724
596
726
597
730
598
732
599
735
601
738
602
739
604
741
605
742
605
743
605
745
605
746
605
748
605
749
606
749
607
751
608
753
608
757
609
760
610
761
611
762
611
763
611
763
612
765
614
766
614
769
614
770
614
771
614
772
614
774
614
775
614
778
614
780
614
782
614
785
614
787
614
790
614
791
615
793
615
793
614
795
614
797
614
798
614
800
614
802
614
805
614
808
614
811
614
812
614
814
615
817
615
819
616
823
617
825
617
828
617
831
618
832
620
834
620
838
620
840
619
844
619
847
619
849
619
850
619
853
618
856
618
857
618
858
617
859
617
860
617
862
617
865
617
868
616
869
616
870
616
871
616
872
616
874
615
875
615
876
615
877
615
877
614
880
615
882
615
884
614
887
614
889
614
892
614
893
614
895
614
898
613
900
612
901
612
904
612
906
611
910
611
911
611
914
611
915
611
916
611
917
611
920
610
922
608
923
608
924
608
925
606
928
605
931
603
937
602
938
601
940
601
940
600
943
599
946
599
949
597
952
596
953
596
954
595
956
594
958
593
962
591
964
590
965
589
966
589
968
587
969
587
971
585
973
584
975
583
977
582
979
581
980
580
982
579
984
578
988
577
991
575
994
574
995
573
997
572
999
569
1002
567
1004
565
1006
563
1007
562
1008
560
1009
559
1011
558
1012
557
1012
554
1013
553
1015
551
1016
548
1018
546
1019
544
1022
539
1023
536
1025
531
1027
526
1030
521
1032
518
1034
513
1036
510
1038
507
1039
506
1039
503
1040
502
1040
500
1042
497
1043
494
1045
488
1046
485
1047
482
1048
479
1048
476
1050
474
1050
471
1051
468
1051
466
1051
461
1052
458
1053
455
1053
453
1053
451
1053
449
1053
447
1054
444
1054
443
1054
440
1054
438
1055
435
1055
432
1055
429
1055
425
1055
423
1055
421
1055
418
1055
417
1055
416
1055
413
1055
410
1055
409
1055
407
1055
404
1056
402
1057
400
1056
399
1056
397
1056
394
1056
391
1056
389
1056
384
1057
380
1057
374
1057
371
1057
368
1057
363
1057
359
1057
356
1057
355
1057
353
1057
351
1057
348
1057
345
1057
342
1057
338
1057
333
1057
327
1058
324
1058
320
1058
314
1059
308
1060
303
1060
299
1060
296
1060
293
1060
289
1060
287
1060
284
1062
283
1062
281
1062
280
1062
278
1062
275
1062
272
1061
269
1061
267
1061
265
1060
262
1060
259
1059
256
1059
253
1058
249
1057
245
1057
242
1055
239
1055
238
1054
237
1053
236
1052
235
1051
233
1050
231
1048
230
1047
227
1045
227
1044
225
1043
223
1042
223
1041
222
1037
221
1033
221
1031
219
1027
218
1024
217
1022
216
1019
216
1017
216
1012
215
1010
215
1008
215
1005
214
1000
213
997
213
993
213
988
214
983
214
979
214
975
214
974
213
971
213
970
213
966
213
959
215
954
215
949
215
944
217
939
219
934
219
930
221
925
222
920
223
918
224
916
224
915
225
913
227
910
228
907
230
905
232
904
232
903
234
901
235
898
236
895
237
890
239
886
240
883
242
880
244
877
246
874
248
871
248
869
251
866
251
864
253
861
254
856
255
854
257
851
257
850
257
848
257
847
257
844
257
843
257
841
257
838
257
836
257
834
257
833
257
831
257
830
257
829
257
826
257
825
257
823
257
820
257
819
256
817
255
814
255
810
254
807
253
806
253
804
252
799
251
795
251
791
251
790
251
788
251
787
251
781
250
776
249
773
248
772
248
770
248
768
248
763
248
759
248
755
248
754
248
753
248
749
250
745
251
742
253
739
254
735
256
731
259
729
260
727
262
726
263
727
263
729
263
736
264
748
265
751
265
750
265
737
269
736
269
713
275
689
283
668
290
659
295
660
295
670
293
687
291
704
288
717
286
720
285
719
285
712
288
703
293
694
296
694
297
695
297
706
296
727
293
756
289
768
287
766
288
744
290
719
295
701
301
697
302
700
302
715
299
738
294
740
294
765
290
781
287
785
286
772
286
756
287
752
290
753
290
764
290
790
287
821
283
844
282
847
282
838
282
821
283
817
285
822
285
841
284
869
281
902
278
925
278
931
276
930
276
925
275
921
276
920
276
919
275
915
275
908
275
895
277
878
281
864
282
859
283
860
283
863
283
868
280
877
276
884
273
889
272
889
271
891
270
894
269
895
267
897
266
900
263
902
260
904
257
907
255
911
252
916
251
919
249
922
248
924
248
928
247
931
246
934
245
936
245
941
244
946
242
949
242
952
240
955
239
959
239
965
237
970
236
976
236
979
236
983
236
988
236
991
236
993
236
995
236
1000
236
1005
236
1007
238
1009
239
1011
240
1016
242
1018
243
1018
245
1020
245
1021
247
1022
248
1025
250
1030
253
1033
254
1034
254
1034
255
1035
257
1036
257
1036
258
1036
260
1036
264
1037
270
1038
277
1039
286
1042
297
1044
310
1044
324
1044
342
1044
358
1041
379
1040
401
1039
425
1039
443
1039
455
1037
459
1038
458
1038
447
1038
426
1036
398
1033
366
1033
340
1033
315
1033
296
1033
287
1033
286
1032
286
1029
291
1027
305
1027
326
1026
347
1024
369
1022
383
1021
384
1021
382
1021
371
1017
350
1013
326
1009
305
1004
288
1001
275
1000
263
998
257
997
254
997
253
997
254
995
256
989
263
976
277
964
298
949
322
940
342
934
352
934
351
939
339
945
319
949
294
953
272
955
260
956
254
955
255
955
260
948
274
938
298
927
323
921
331
920
331
922
329
927
317
936
303
955
288
979
275
985
269
980
269
979
269
951
269
910
274
882
284
872
291
874
295
895
298
927
299
965
300
988
302
991
306
970
315
943
326
926
333
925
333
937
331
964
323
992
316
1000
314
983
314
942
317
891
326
865
335
862
338
863
338
885
338
928
337
971
336
993
340
991
345
967
353
936
365
919
377
919
379
940
377
980
368
1021
366
1031
366
1018
369
982
374
942
389
919
402
925
407
958
404
996
401
1019
399
1018
399
997
403
969
413
956
422
961
428
980
432
1007
434
1022
436
1021
441
1003
449
976
461
964
472
963
477
977
477
1003
467
1024
459
1029
454
1025
454
1014
461
998
473
989
483
988
486
994
479
1009
460
1024
442
1033
435
1030
440
1017
461
1001
488
984
518
971
541
968
550
969
550
974
538
988
518
1002
505
1003
504
1010
499
1010
500
1003
510
989
530
971
549
963
563
964
563
972
548
990
530
1012
517
1024
511
1023
512
1009
523
986
537
962
551
949
559
949
557
959
542
976
518
995
497
1008
482
1008
483
995
495
973
520
944
551
917
578
905
592
908
587
923
568
944
541
965
520
974
509
975
508
964
518
943
537
916
554
898
568
898
571
910
558
937
536
967
517
979
509
979
512
960
529
929
553
901
577
891
597
895
601
911
590
929
576
941
567
945
566
944
568
937
578
925
592
916
607
915
611
922
608
933
596
951
582
968
572
973
568
970
569
955
579
935
590
916
596
910
596
911
586
923
568
946
543
976
521
985
509
979
512
940
539
937
541
883
576
880
578
829
608
811
618
829
603
870
572
920
532
954
496
965
476
961
476
933
494
887
524
842
554
826
564
833
558
858
536
898
509
934
488
945
482
928
490
887
512
836
539
801
562
796
566
816
553
860
527
904
507
916
500
903
508
860
533
804
565
758
590
753
596
784
581
834
560
836
558
881
539
892
534
877
542
841
563
794
590
760
611
754
616
777
605
807
587
823
575
823
572
812
575
806
582
806
589
814
593
826
595
834
595
827
593
802
591
768
591
749
590
751
589
762
583
771
575
772
570
769
569
755
569
742
569
733
568
729
567
727
565
725
562
724
559
724
557
722
557
721
557
720
557
716
554
712
549
709
545
704
544
699
539
697
537
694
536
694
535
691
531
691
529
690
524
690
520
688
517
689
513
689
512
689
508
689
504
688
502
685
497
681
493
678
488
673
483
670
479
667
474
667
468
667
461
665
455
664
448
664
438
664
432
662
427
661
423
660
420
659
416
659
411
658
406
658
400
656
395
656
390
656
384
656
376
658
365
659
359
661
353
666
342
667
336
669
332
670
331
670
330
673
327
676
323
679
319
680
314
681
314
680
314
676
325
670
344
665
356
665
358
671
354
687
339
709
323
726
312
730
311
724
318
709
341
689
371
675
395
673
398
690
387
727
365
779
339
812
323
813
323
816
320
781
329
726
346
667
365
642
374
651
370
692
353
769
328
792
320
782
321
744
332
706
347
694
351
700
350
732
338
773
325
787
318
766
318
721
329
683
341
678
347
704
345
766
340
829
338
837
343
835
343
784
351
710
364
665
379
675
382
744
378
844
371
911
369
904
371
823
373
724
379
667
393
685
397
688
397
773
394
879
392
925
391
900
390
897
390
805
392
716
404
684
418
720
422
722
422
813
417
888
415
889
416
827
419
729
428
663
447
666
456
732
456
823
452
858
450
833
450
767
457
721
473
727
481
796
482
893
480
944
477
915
474
811
473
720
478
691
487
738
486
830
480
907
470
909
469
920
461
874
462
803
476
748
497
739
515
767
520
799
520
805
519
801
521
793
531
787
545
787
554
787
560
786
562
786
561
783
555
775
543
766
527
748
512
728
506
715
508
706
514
702
515
702
516
708
517
713
520
718
524
727
528
733
530
733
531
727
534
721
538
722
539
729
539
730
538
731
539
739
540
745
542
746
542
746
543
749
544
754
544
757
543
763
541
764
541
776
540
790
539
801
535
804
533
805
533
808
530
814
527
821
524
823
523
827
519
835
518
846
515
857
514
865
512
864
511
853
511
838
514
818
515
809
515
808
515
812
512
819
508
829
503
845
499
857
495
864
491
868
488
868
486
868
484
870
476
875
465
879
454
886
444
889
437
883
435
865
435
863
436
865
437
878
436
891
434
909
433
913
432
912
433
909
437
906
437
902
440
901
442
901
443
907
442
913
437
919
435
924
433
923
433
922
433
922
436
920
439
918
448
911
467
906
487
896
506
888
524
881
537
877
548
867
560
858
575
851
584
844
593
836
601
830
606
827
610
827
611
824
614
819
617
810
620
803
622
802
622
801
622
800
622
799
622
799
618
799
612
END
255
255
0
0
38
829
224
829
225
829
226
829
227
827
232
826
234
824
238
823
239
822
241
821
242
819
245
819
246
819
251
820
254
820
253
820
251
820
246
820
242
820
236
817
232
817
231
820
229
821
230
822
236
824
241
825
248
825
254
825
255
826
256
827
253
827
249
827
248
827
245
828
241
END
255
165
42
42
4
828
241
828
242
828
248
828
254
826
259
826
260
825
260
825
259
825
255
825
252
825
248
825
245
824
242
824
240
824
237
824
236
824
234
824
233
824
230
824
231
820
237
817
242
816
248
815
248
815
250
814
251
814
252
816
253
818
254
819
254
819
255
819
256
819
257
819
258
819
260
820
260
820
261
821
261
END
255
165
42
42
16
1024
429
1024
430
1024
432
1024
433
1024
435
1023
437
1023
438
1023
441
1021
446
1020
449
1019
450
1019
452
1020
454
1020
455
1020
457
1020
461
1020
463
1020
464
1020
467
1020
470
1020
473
1020
476
1019
479
1018
482
1016
487
1015
489
1014
493
1013
497
1009
502
1006
506
1003
512
1000
517
995
521
992
526
990
528
988
530
985
533
981
537
976
540
974
542
970
544
964
547
963
547
962
547
962
546
961
543
958
541
957
539
956
538
955
537
956
537
960
536
962
533
964
531
966
530
967
530
969
529
971
527
973
524
975
524
977
522
980
521
981
518
983
517
986
515
988
511
989
509
991
506
994
504
994
503
996
501
998
498
1001
496
1004
491
1006
487
1009
485
1011
482
1012
482
1013
481
1014
479
1015
478
1015
476
1015
473
1016
468
1017
466
1018
464
1018
463
1018
460
1020
456
1021
453
1020
446
1023
440
1024
435
END
255
255
255
255
16
1033
569
1034
569
1036
569
1039
569
1040
569
1042
569
1043
569
1044
569
1048
566
1049
566
1051
565
1054
563
1055
563
1057
563
1060
560
1061
560
1062
560
1064
559
1068
557
1072
555
1075
554
1078
551
1081
551
1082
548
1086
548
1087
547
1089
545
1090
545
1092
544
1093
543
1093
542
1092
542
1087
545
1082
548
1080
551
1078
552
1077
552
1075
554
1071
557
1066
558
1063
560
1061
562
1060
562
1057
563
1054
563
1051
564
1049
565
1047
565
1046
565
1043
567
1039
568
1036
569
1035
569
1035
570
1031
572
1030
572
1027
573
1022
574
1020
574
1018
575
1017
575
1016
575
1015
575
1016
575
1023
574
1027
572
1030
570
1034
569
1036
569
1039
566
1043
563
1047
560
1051
557
1055
555
1060
555
1066
553
1070
551
1074
549
1077
548
1080
545
1084
544
1086
542
1089
540
1093
537
1099
536
1102
533
1105
531
1108
529
1110
527
1112
525
1112
524
1113
523
1115
520
1116
518
1118
516
1122
512
1123
511
1124
510
1125
509
1126
507
1127
506
1127
504
1129
501
1129
498
1130
497
1131
497
1131
494
1132
490
1132
488
1133
483
1133
481
1133
479
1133
477
1133
475
1134
473
1135
470
1134
464
1136
460
1137
454
1138
449
1139
446
1139
443
1139
441
1139
439
1139
437
1139
436
1139
433
1139
432
1139
428
1139
425
1139
424
1139
422
1138
420
1136
419
1135
418
1135
417
1134
417
1133
417
1132
416
1130
415
1127
414
1125
414
1124
414
1120
413
1114
413
1113
413
1112
413
1111
413
1111
412
1110
410
1109
410
1108
409
1108
408
1108
407
1108
406
1108
405
1109
403
1110
403
1112
401
1113
401
1114
401
1114
400
1116
400
1116
399
1115
399
1112
398
1110
398
1106
399
1101
401
1098
403
1098
404
1096
404
1095
404
1094
404
1091
404
1087
404
1086
404
1084
405
1083
405
1081
407
1079
407
1076
408
1075
408
1075
409
1079
409
1084
410
1084
411
1082
414
1081
415
1073
422
1072
424
1072
423
1081
419
1091
412
1091
411
1089
411
1084
416
1082
417
1082
418
1081
422
1080
423
1080
424
1078
426
1078
427
1078
428
1077
431
1076
431
1075
434
1075
435
1075
437
1074
440
1072
443
1072
444
1072
446
1072
447
1072
450
1072
453
1073
460
1073
464
1073
466
1073
470
1072
473
1072
475
1071
480
1069
483
1069
486
1068
488
1068
490
1066
493
1064
498
1063
503
1063
504
1062
506
1062
508
1061
509
1059
512
1058
515
1057
517
1057
519
1054
521
1054
522
1052
524
1050
528
1048
531
1048
536
1047
541
1045
544
1043
549
1041
554
1039
556
1039
557
1037
561
1036
563
1035
566
1034
567
1035
565
1037
563
1043
558
1048
554
1052
549
1059
544
1063
539
1066
537
1067
536
1066
536
1059
539
1052
542
1053
542
1059
535
1067
526
1072
518
1074
515
1075
512
1078
509
1078
508
1078
506
1079
503
1080
500
1080
497
1081
495
1082
491
1082
486
1082
481
1083
474
1083
470
1084
470
1084
466
1084
462
1084
456
1084
449
1084
443
1085
437
1085
433
1085
431
1085
429
1089
425
1091
423
1093
422
1094
422
1095
422
1098
422
1099
422
1100
423
1102
425
1103
425
1104
425
1109
426
1112
426
1113
426
1113
427
1114
427
1115
427
1116
425
1115
425
1108
422
1099
420
1098
419
1098
418
1099
416
1101
415
1102
416
1105
417
1108
420
1114
426
1120
428
1120
429
1120
432
1120
436
1120
442
1119
449
1117
454
1113
464
1106
476
1101
485
1099
494
1094
505
1090
513
1089
514
1090
511
1093
506
1098
496
1106
482
1113
471
1113
469
1105
483
1090
503
1081
515
1081
518
1081
517
1081
518
1076
524
1076
525
1077
525
1096
524
1104
518
1109
512
1109
511
1099
518
1088
525
1084
528
1086
528
1087
528
1090
525
1093
524
1090
527
1081
535
1075
541
1075
542
1075
541
1093
524
1102
515
1110
507
1111
501
1112
499
1114
495
1115
489
1116
488
1117
488
1117
485
1117
482
1119
476
1122
463
1123
450
1122
445
1122
444
1121
443
1119
442
1119
441
1117
440
1112
437
1108
437
1102
438
1102
439
1100
443
1098
451
1099
456
1100
463
1098
473
1094
480
1093
484
1094
480
1095
470
1097
458
1105
445
1109
437
1114
432
1117
431
1121
431
1122
431
1123
431
1122
430
1118
428
1116
424
1113
420
1112
415
1112
410
1112
409
1112
408
1112
407
1117
401
1118
399
1120
399
1120
398
1121
398
1123
398
1126
398
1130
398
1132
398
1135
398
1138
398
1139
398
1141
398
1144
398
1150
396
1152
395
1151
395
1148
394
1141
395
1135
398
1129
401
1124
403
1123
403
1123
404
1123
407
1120
413
1118
419
1117
422
1117
423
1117
425
1118
427
1122
428
1125
431
1126
431
1126
432
1126
433
1126
435
1126
436
1126
437
1127
440
1127
443
1127
445
1127
446
1127
445
1126
446
1123
451
1123
452
1120
451
1117
450
1115
446
1112
443
1111
438
1111
437
1110
437
1108
434
1107
433
1102
431
1099
431
1099
432
1099
433
1099
434
1099
436
1098
439
1097
440
1097
443
1096
445
1096
447
1096
448
1096
449
1095
450
1097
453
1101
458
1104
461
1105
467
1110
478
1114
487
1115
492
1116
497
1117
501
1117
502
1118
502
1118
503
1118
504
1117
508
1114
512
1115
511
1115
509
END
255
172
111
113
16
1060
385
1061
385
1062
385
1063
385
1063
389
1063
391
1063
392
1063
394
1063
395
1063
396
1065
397
1066
398
1066
399
1066
400
1067
400
1067
401
1068
402
1068
404
1068
405
1068
406
1068
408
1068
410
1068
413
1068
416
1068
421
1068
425
1070
427
1070
428
1069
431
1069
432
1069
434
1069
438
1069
441
1067
446
1066
450
1066
453
1065
456
1063
458
1063
461
1063
464
1063
467
1062
471
1061
476
1061
480
1060
483
1060
486
1059
488
1058
490
1057
494
1057
495
1057
497
1057
500
1055
504
1055
507
1052
512
1051
516
1048
521
1047
527
1045
529
1040
531
1040
533
1039
536
1037
538
1036
542
1036
543
1035
546
1033
546
1033
548
1032
550
1031
551
1029
554
1028
556
1027
558
1026
560
1023
562
1021
565
1021
566
1021
568
1020
569
1019
569
1018
570
1018
572
1016
574
1013
575
1013
578
1012
580
1011
581
1010
581
1009
581
1007
582
1003
585
998
587
994
590
END
255
255
0
0
16
