Line,Line,Line,Line,Line,Line,Line,Line,Line,Line,Line,Line,Line,Line,Line,Line,Line,Line,Line,Line,Line,Line,Line,Line,Line,Line,Line,Line,Line,Line,Line,Line,Line,Line,Line,Line,Line,Line,Line,Line,Line,Line,Line,Line,Line,Line,Line,Line,Line,Line,Line,Line,Line,Line,Line,Line,Line,Line,Line,Line,Line,Line,Line,Line,Line,Line,Line,Line,Line,Line,Line,Line,Line,Line,Line,Line,Circle,Square,Pen,Pen,Pen,Pen,Pen,Pen,Pen,Pen,Image
6.347541
7.880597
1.881438
3.152239
255
0
0
0
1
3.694656
2.57561
4.555294
11.6044
255
0
0
0
1
13.82857
3.771429
3.237458
2.831099
255
0
0
0
1
3.142857
6.518518
3.895372
2.901099
255
0
0
0
1
1.776147
2.242038
2.227848
2.186335
255
0
0
0
1
1.6228
2.116232
1.854406
2.563107
255
0
0
0
1
1.6
3.812274
2.025105
6.248521
255
0
0
0
1
1.728571
7.93985
2.072805
16.24615
255
0
0
0
1
2.274971
5.966102
3.237458
5.866667
255
0
0
0
1
3.343696
4.735426
3.991753
3.798561
255
0
0
0
1
4.041754
2.65995
6.08805
2.261242
255
0
0
0
1
3.226667
1.817556
3.848907
1.569094
255
0
0
0
1
2.475703
1.481066
2.937784
1.357327
255
0
0
0
1
1.705727
1.464633
2.637602
1.430894
255
0
0
0
1
1.513683
1.5
1.845567
1.495751
255
0
0
0
1
1.261238
1.722675
1.643463
1.869027
255
0
0
0
1
1.390805
1.977528
1.67619
2.074656
255
0
0
0
1
1.238644
2.75
1.480122
3.462295
255
0
0
0
1
1.286379
4.224
1.69083
5.528796
255
0
0
0
1
1.454545
7.93985
2
8.949153
255
0
0
0
1
1.981576
11.23404
3.034483
9.025641
255
0
0
0
1
2.707692
13.53846
5.094737
12.42353
255
0
0
0
1
4.82793
17.31148
15.36508
14.27027
255
0
0
0
1
6.05
8.585366
21.04348
4.714286
255
0
0
0
1
4.938776
2.700767
6.540541
1.92
255
0
0
0
1
8.033195
3.473684
11.38824
1.988701
255
0
0
0
1
5.438202
2.75
8.309012
1.539359
255
0
0
0
1
3.926978
2.091089
5.028572
1.427027
255
0
0
0
1
3.361111
2.086957
4.041754
1.452545
255
0
0
0
1
2.924471
1.973832
3.378709
1.446575
255
0
0
0
1
2.456853
1.927007
2.809869
1.446575
255
0
0
0
1
1.936
1.984962
2.182638
1.489422
255
0
0
0
1
1.789279
1.748344
1.898039
1.357327
255
0
0
0
1
1.50194
1.695024
1.601323
1.333333
255
0
0
0
1
1.388809
1.632148
1.474486
1.318352
255
0
0
0
1
1.162763
1.59276
1.288948
1.303704
255
0
0
0
1
1.140837
1.428958
1.294983
1.251185
255
0
0
0
1
1.14828
1.258641
1.345379
1.346939
255
0
0
0
1
1.307225
1.357327
1.294983
1.276904
255
0
0
0
1
1.397834
1.552941
1.281271
1.41745
255
0
0
0
1
1.263708
1.906137
1.229987
1.521614
255
0
0
0
1
1.126892
2.65995
1.18992
2.01912
255
0
0
0
1
1.161368
2.4
1.263708
4.015209
255
0
0
0
1
1.107551
4.061539
1.321502
9.688073
255
0
0
0
1
1.160671
8.123077
1.449102
23.46667
255
0
0
0
1
1.457831
16.5
1.87234
7.135135
255
0
0
0
1
1.534073
7.282759
2.616216
5.151219
255
0
0
0
1
2.210046
16.76191
3.326461
6.034286
255
0
0
0
1
3.737452
24
9.004651
4.735426
255
0
0
0
1
11.25581
8.727273
10.69613
2.410959
255
0
0
0
1
15.125
2.43318
9.979382
1.476923
255
0
0
0
1
9.263158
1.619632
5.796407
1.373212
255
0
0
0
1
5.727811
1.739703
2.987654
1.37859
255
0
0
0
1
5.081365
1.765886
2.637602
1.548387
255
0
0
0
1
3.426549
2.17732
2.027225
1.981238
255
0
0
0
1
2.299287
2.78628
1.819549
2.526316
255
0
0
0
1
2.517555
4.15748
1.840304
2.909091
255
0
0
0
1
2.616216
5.253731
3.242881
2.290673
255
0
0
0
1
1.93988
3.616438
2.352369
1.859155
255
0
0
0
1
1.708738
3.71831
2.075027
1.970149
255
0
0
0
1
1.410051
2.909091
1.845567
1.869027
255
0
0
0
1
2.261682
4.611354
3.006211
2.007605
255
0
0
0
1
1.540175
4.888889
1.308108
2.07874
255
0
0
0
1
1.345379
6.64151
1.251454
2.478873
255
0
0
0
1
1.123622
7.333333
1.284672
4.381743
255
0
0
0
1
1.237852
12.42353
1.67619
3.45098
255
0
0
255
1
1.764813
5.708108
4.110404
2.808511
255
0
0
255
1
3.65283
4.327869
11.19075
3.052023
255
0
0
255
1
3.11254
6.361446
1.761601
2.300654
255
0
0
255
1
1.774519
6.175438
1.286379
2.707692
255
0
0
255
1
1.415205
10.56
1.162065
3
255
0
0
255
1
3.029734
1.849387
1.804287
1.619632
255
0
0
255
1
4.245614
1.54612
2.494845
1.944751
255
0
0
255
1
6.474916
1.981238
5.081365
4.07722
255
0
0
255
1
1.885102
3.896679
1.522013
1.665615
255
0
0
255
1
1.286379
2.771654
2.349514
2.65995
255
0
0
255
1
4.016598
8.061069
1.348189
1.324969
255
0
0
255
1
41.19149
34.06452
1.080357
1.187852
255
0
0
255
1
24.2
24
23.90123
24
23.60976
20.70588
23.60976
17.89831
23.3253
14.46575
23.60976
11.86517
24.2
10.05714
25.14286
9.025641
26.16216
8.123077
26.16216
7.542857
26.16216
7.135135
26.16216
6.857143
25.47368
6.64151
25.14286
6.6
24.82051
6.6
24.2
6.726115
23.3253
6.947369
22.51163
7.135135
21.51111
7.43662
20.59575
7.764706
19.7551
8.123077
18.79612
8.516129
17.76147
8.949153
16.83478
9.428572
16
10.15385
15.86885
10.25243
14.89231
10.8866
14.02899
11.6044
13.17007
12.42353
12.49032
13.53846
12.02485
14.46575
11.80488
14.66667
11.59281
15.08571
11.52381
15.08571
11.73333
13.03704
11.8773
12.13793
12.73684
8.585366
14.44776
6.139535
15.125
5.647059
15.73984
5.201971
16.26891
4.821918
16.26891
4.532189
16.26891
4.345679
15.73984
4.224
15.24409
4.190476
14.66667
4.190476
13.6338
4.292683
12.65359
4.455696
11.66265
4.735426
10.52174
5.101449
9.631841
5.557895
8.840182
6.104046
8.134454
6.812903
7.446154
7.822222
6.88968
8.949153
6.347541
10.56
5.93865
12.42353
5.563219
15.76119
5.275204
19.2
5.081365
23.46667
4.976864
26.4
4.938776
26.4
4.926208
26.4
4.976864
20.70588
5.094737
16
5.232432
12.42353
5.422969
9.688073
5.660819
7.708029
5.993808
6.139535
6.368421
5.176471
6.792983
4.436975
7.223881
3.854015
7.744
3.395498
8.20339
3.025788
8.566372
2.764398
8.760181
2.556901
8.8
2.427586
8.642858
2.341463
8.309012
2.305677
7.838057
2.295652
7.361217
2.320879
6.792983
2.383747
6.306189
2.461539
5.866667
2.556901
5.422969
2.680203
4.951406
2.861789
4.555294
3.052023
4.190476
3.310345
3.895372
3.604095
3.65283
3.925651
3.420495
4.292683
3.210613
4.756757
3.048819
5.227723
2.924471
5.708108
2.83871
6.034286
2.805797
6.175438
2.801737
6.175438
2.826277
5.802198
2.893872
5.227723
2.983051
4.631579
3.107544
4.093023
3.298126
3.555556
3.513612
3.142857
3.803536
2.707692
4.041754
2.444444
4.380091
2.168378
4.80397
1.923497
5.162667
1.768844
5.531428
1.634675
5.779105
1.548387
5.93865
1.483146
5.956923
1.452545
5.866667
1.444596
5.660819
1.456552
5.30411
1.495751
4.901266
1.555228
4.864322
1.564444
4.481482
1.642302
4.067227
1.757071
3.715931
1.895871
3.332186
2.116232
3.063291
2.362416
3.029734
2.394558
2.785612
2.700767
2.550725
3.161677
2.352369
3.771429
2.187571
4.651982
2.068376
5.73913
1.945729
7.597122
1.865125
9.962264
1.809346
12.87805
1.774519
14.66667
1.768036
15.30435
1.769653
14.87324
1.789279
12
1.792593
11.6044
1.829868
8.655738
1.883268
6.6
1.961499
4.981132
2.050848
3.969925
2.177728
3.152239
2.313023
2.64
2.466242
2.266094
2.659341
1.923497
2.859675
1.6896
3.063291
1.517241
3.215947
1.39498
3.298126
1.316708
3.292517
1.272289
3.184211
1.252669
3.006211
1.258641
2.809869
1.292534
2.609164
1.340101
2.423029
1.406125
2.232987
1.504274
2.151111
1.56213
1.98768
1.700483
1.626891
2.320879
1.406977
3.508306
1.382857
3.771429
1.37305
3.896679
1.37305
3.882353
1.385827
3.692308
1.406977
3.406452
1.439405
3.052023
1.443699
3.025788
1.484663
2.714653
1.534073
2.38914
1.596043
2.129032
1.677643
1.879004
1.76
1.705977
1.861538
1.555228
1.934066
1.458564
1.995876
1.389474
2.025105
1.352113
2.025105
1.341804
2.006218
1.343511
1.961499
1.371429
1.899902
1.40988
1.819549
1.472803
1.741007
1.54386
1.658955
1.64486
1.585586
1.757071
1.508963
1.909584
1.438336
2.103586
1.375
2.320879
1.318801
2.581907
1.274523
2.831099
1.234694
3.133531
1.206982
3.395498
1.187002
3.616438
1.175471
3.758007
1.173333
3.771429
1.175471
3.692308
1.18773
3.406452
1.189189
3.373802
1.20548
3.060869
1.231552
2.721649
1.26536
2.38914
1.299329
2.129032
1.339792
1.889088
1.382857
1.697749
1.419355
1.559823
1.452363
1.446575
1.476735
1.373212
1.491525
1.32
1.493827
1.297297
1.485802
1.292534
1.471125
1.303704
1.450187
1.333333
1.425626
1.375
1.399855
1.428958
1.374024
1.495751
1.348189
1.564444
1.321502
1.647426
1.301075
1.722675
1.285525
1.792869
1.272847
1.855888
1.259597
1.913043
1.253074
1.937615
1.251454
1.941176
1.251454
1.937615
1.255512
1.906137
1.263708
1.849387
1.272847
1.77479
1.28382
1.697749
1.296718
1.619632
1.307225
1.552941
1.317007
1.489422
1.326027
1.440655
1.331499
1.40053
1.335172
1.373212
1.337017
1.355584
1.337017
1.352113
1.334252
1.352113
1.327846
1.362581
1.317903
1.387648
1.317007
1.389474
1.307225
1.421265
1.293253
1.466667
1.277045
1.519424
1.268676
1.54612
1.268676
1.54612
END
255
165
42
42
12
1.118429
5.557895
1.121019
5.647059
1.128863
5.866667
1.142183
6.248521
1.161368
6.857143
1.186275
7.652174
1.188459
7.764706
1.211514
8.8
1.234694
9.962264
1.25796
11.6044
1.274523
13.2
1.286379
14.66667
1.288948
15.08571
1.288948
14.87324
1.284672
13.71429
1.278732
12
1.277888
11.73333
1.268676
9.962264
1.255512
8.380953
1.240231
6.947369
1.222994
5.770492
1.206231
4.8
1.192853
4.173913
1.176185
3.653979
1.163462
3.279503
1.153067
3.017143
1.14624
2.808511
1.144208
2.693877
1.146919
2.626866
1.157203
2.613861
1.175471
2.65995
1.199504
2.764398
1.227647
2.933333
1.259597
3.171171
1.300202
3.496689
1.337017
3.896679
1.365303
4.363636
1.389806
4.866359
1.413139
5.557895
1.430894
6.285714
1.441549
6.769231
1.444776
6.947369
1.446936
6.947369
1.448018
6.6
1.448018
6
1.449102
5.5
1.449102
4.493617
1.450187
3.868132
1.450187
3.363057
1.443699
2.563107
1.436202
2.295652
1.427729
2.091089
1.418315
1.92
1.410051
1.808219
1.408
1.742574
1.408
1.739703
1.408
1.708738
1.415205
1.705977
1.428782
1.72549
1.452363
1.77479
1.490377
1.87234
1.541401
2.015267
1.594728
2.186335
1.64766
2.405467
1.698246
2.693877
1.76
3.105882
1.824694
3.616438
1.881438
4.224
1.945729
5.004739
2.012474
5.834254
2.083961
6.478528
2.139226
6.64151
2.192525
6.4
2.197503
6.361446
2.243337
5.73913
2.291124
5.004739
2.346667
4.190476
2.387176
3.531773
2.40796
2.991501
2.410959
2.600985
2.40796
2.261242
2.393078
2.011429
2.378378
1.82699
2.369645
1.697749
2.366748
1.614679
2.366748
1.576119
2.372549
1.569094
2.396039
1.58797
2.441362
1.637209
2.447535
1.642302
2.520833
1.72549
2.626866
1.846154
2.757835
2.015267
2.898204
2.223158
3.107544
2.563107
3.326461
2.983051
3.552294
3.508306
3.578558
3.579661
3.84127
4.327869
4.110404
5.306533
4.4
6.4
4.733496
7.135135
5.002584
7.282759
5.232432
6.6
5.438202
5.647059
5.579251
4.571429
5.595376
3.812274
5.531428
3.161677
5.26087
2.620347
4.964103
2.251599
4.653846
1.977528
4.370203
1.783784
4.14561
1.639752
4.016598
1.548387
3.967213
1.495751
3.9591
1.47486
3.991753
1.470752
4.075789
1.493635
4.093023
1.497872
4.227074
1.541606
4.4
1.614679
4.555294
1.700483
4.687651
1.783784
4.80397
1.87234
4.926208
1.962825
5.015544
2.034682
5.015544
2.074656
5.015544
2.074656
END
255
106
100
171
12
2.139226
11.73333
2.139226
11.6044
2.148724
10.8866
2.165548
9.6
2.185102
8.380953
2.222733
6.993378
2.274971
5.617021
2.340991
4.651982
2.426065
3.854015
2.43522
3.784946
2.530719
3.209726
2.641201
2.78628
2.757835
2.473068
2.872404
2.237288
2.95122
2.099404
2.983051
2.026871
2.987654
2.007605
2.978462
2.007605
2.902549
2.054475
2.797688
2.129032
2.648427
2.237288
2.501292
2.357143
2.32413
2.496454
2.155902
2.65995
2.006218
2.808511
1.88694
2.949721
1.80093
3.052023
1.741007
3.161677
1.699737
3.259259
1.679098
3.352381
1.677643
3.417476
1.692308
3.555556
1.731664
3.692308
1.789279
3.854015
1.870531
4.030534
1.969481
4.240964
2.077253
4.381743
2.205011
4.493617
2.33253
4.532189
2.447535
4.551724
2.544021
4.455696
2.619756
4.275304
2.68144
4.125
2.719101
3.984906
2.738331
3.84
2.74221
3.692308
2.726761
3.52
2.68144
3.341772
2.626866
3.180723
2.544021
3.008547
2.450633
2.83871
2.343826
2.65995
2.24594
2.490566
2.23815
2.473068
2.146342
2.310722
2.139226
2.300654
2.070588
2.163934
2.063966
2.155102
2
2.054475
1.949648
1.984962
1.920635
1.948339
1.911155
1.941176
1.90927
1.944751
1.913043
1.984962
1.928287
2.05848
1.953582
2.168378
1.983607
2.300654
2.016667
2.490566
2.050848
2.742857
2.086207
3.052023
2.115847
3.363057
2.134509
3.666667
2.220183
7.43662
2.235566
9.182609
2.251163
11
2.259043
12.13793
2.266979
12.42353
2.274971
12.27907
2.28033
11.86517
2.28033
11.86517
END
255
106
100
171
12
1.439405
8.25
1.440476
8.25
1.445855
7.93985
1.455639
7.542857
1.468892
6.947369
1.491525
6.248521
1.493827
6.211765
1.519623
5.557895
1.55627
4.866359
1.598679
4.224
1.636517
3.771429
1.682016
3.352381
1.713274
3.043228
1.731664
2.854054
1.733214
2.816
1.733214
2.808511
1.72242
2.816
1.69083
2.901099
1.64207
3.052023
1.579119
3.279503
1.511319
3.473684
1.438336
3.666667
1.384835
3.784946
1.34258
3.896679
1.317903
3.969925
1.303704
4.07722
1.30195
4.173913
1.309878
4.292683
1.328758
4.436975
1.361463
4.651982
1.413139
4.981132
1.467779
5.360406
1.526814
5.770492
1.531646
5.802198
1.590797
6.139535
1.626891
6.361446
1.658955
6.439024
1.673293
6.439024
1.673293
6.361446
1.671848
6.034286
1.661803
5.677419
1.643463
5.176471
1.625525
4.693333
1.610649
4.4
1.588187
4.030534
1.439405
2.65995
1.414171
2.538461
1.397834
2.484706
1.391804
2.473068
1.390805
2.473068
1.391804
2.544578
1.397834
2.653266
1.403916
2.771654
1.410051
2.925208
1.417277
3.161677
1.423529
3.439739
1.433013
3.812274
1.442623
4.275304
1.444776
4.735426
1.448018
5.227723
1.449102
5.770492
1.450187
6.361446
1.450187
6.726115
1.450187
7.135135
1.450187
7.43662
1.450187
7.597122
1.450187
7.764706
1.450187
7.764706
END
255
0
128
0
12
7.014493
10.77551
7.04
10.66667
7.117647
10.15385
7.30566
9.182609
7.5625
8.380953
7.902041
7.597122
8.20339
6.947369
8.417392
6.518518
8.454148
6.285714
8.417392
6.248521
8.20339
6.248521
7.682539
6.4
7.04
6.64151
6.474916
6.857143
6.165605
6.993378
6.05
7.04
5.993808
7.135135
6.05
7.282759
6.285714
7.43662
6.816901
7.652174
7.592157
7.93985
8.604445
8.380953
9.352657
8.448
9.398058
8.448
9.68
8.448
9.728643
8.448
9.536945
8.061069
9.175356
7.489362
8.8
6.901961
8.344828
6.175438
7.838057
5.557895
7.361217
5.052631
6.939068
4.735426
6.675862
4.591304
6.607509
4.571429
6.496644
4.693333
6.607509
6.478528
6.745645
7.282759
7.117647
9.688073
7.117647
9.688073
END
255
255
255
0
12
1.744144
3.142857
1.744144
3.133531
1.750452
3.069767
1.769653
2.925208
1.797586
2.728682
1.835071
2.544578
1.885102
2.373034
1.88878
2.357143
1.936
2.242038
1.97551
2.155102
1.99177
2.107785
1.989722
2.107785
1.961499
2.141988
1.911155
2.195426
1.856184
2.25641
1.785978
2.325991
1.781049
2.331126
1.72549
2.394558
1.686411
2.450116
1.668965
2.496454
1.66466
2.544578
1.684943
2.607407
1.728571
2.680203
1.784332
2.75718
1.842055
2.808511
1.892473
2.816
1.926368
2.808511
1.943775
2.764398
1.943775
2.65995
1.922542
2.526316
1.883268
2.373034
1.838557
2.213836
1.794254
2.070588
1.761601
1.981238
1.734767
1.92
1.713274
1.892473
1.705727
1.895871
1.702726
1.927007
1.702726
1.984962
1.72242
2.295652
1.728571
2.422018
1.744144
2.893151
1.748871
3.034483
1.748871
3.034483
END
255
255
255
0
12
9.219048
1.902703
9.219048
1.899281
9.352657
1.879004
9.68
1.833333
10.18947
1.786802
10.93785
1.714286
11.8773
1.65
13.26027
1.583208
14.66667
1.52822
16
1.495751
16.54701
1.483146
16.54701
1.481066
15.24409
1.493635
13.44444
1.517241
11.59281
1.539359
9.877551
1.566766
8.840182
1.583208
8.100418
1.595166
7.713148
1.602428
7.622047
1.607306
7.713148
1.614679
8.168777
1.627119
9.004651
1.64486
10.24339
1.665615
12.25316
1.697749
14.44776
1.717073
15.86885
1.722675
16.26891
1.71987
16.26891
1.714286
9.827411
1.569094
8.566372
1.52822
8.491228
1.521614
7.652174
1.485232
7.197026
1.462604
7.091575
1.458564
7.04
1.458564
7.223881
1.51073
7.446154
1.557522
7.838057
1.627119
8.309012
1.697749
9.004651
1.77479
9.584158
1.830156
9.584158
1.830156
END
255
255
255
0
12
1.155821
11.11579
1.155821
11.23404
1.155821
11.35484
1.156511
11.35484
1.162065
10.77551
1.171204
9.869159
1.183374
8.516129
1.19802
7.333333
1.21608
6.361446
1.229987
5.677419
1.240231
5.360406
1.241822
5.306533
1.240231
5.306533
1.226869
5.333333
1.206231
5.443299
1.182651
5.443299
1.180488
5.443299
1.157895
5.471503
1.136817
5.471503
1.124274
5.387755
1.121669
5.387755
1.12297
5.443299
1.130841
5.647059
1.143532
6
1.162065
6.64151
1.184098
7.542857
1.207736
8.516129
1.226092
9.263158
1.233907
9.513514
1.234694
9.513514
1.235482
9.513514
1.237061
9.182609
1.237061
8.655738
1.234694
7.764706
1.228426
6.857143
1.220681
5.932584
1.208489
5.253731
1.1958
4.821918
1.182651
4.672566
1.176185
4.651982
1.171204
4.735426
1.169788
5.004739
1.169788
5.443299
1.170496
6.104046
1.171913
6.947369
1.173333
7.880597
1.174757
8.655738
1.174757
9.103448
1.174757
9.103448
END
255
255
255
0
12
C:\Users\kallu\Pictures\Memes\10. Oct\FB_IMG_1538389922915.jpg
4.264317
13.03704
