Pen,Pen,Pen,Circle,Circle,Circle,Line,Line,Pen,Pen,Pen,Pen,Pen,Pen,Pen,Pen,Pen,Pen,Pen,Pen,Pen,Pen,Pen,Pen,Pen,Circle,Circle,Pen,Pen,Pen,Pen,Pen,Pen,Pen,Pen,Pen,Pen,Pen,Pen,Pen,Pen,Pen,Pen,Pen,Pen,Pen,Pen,Pen,Pen,Pen,Pen,Pen,Circle,Pen,Pen,Pen,Pen,Pen
4.302222
3.784946
4.311804
3.485148
4.340807
3.229358
4.380091
3.025788
4.380091
2.83871
4.4
2.687023
4.440367
2.532374
4.450575
2.383747
4.450575
2.270968
4.420091
2.172839
4.36036
2.070588
4.311804
1.988701
4.311804
1.906137
4.340807
1.839721
4.302222
1.777778
4.331096
1.714286
4.331096
1.655172
4.273731
1.604863
4.163441
1.647426
4.136752
1.700483
4.154506
1.76
4.172414
1.82069
4.163441
1.885714
4.172414
1.955556
4.181426
2.034682
4.181426
2.116232
4.172414
2.209205
4.172414
2.325991
4.181426
2.43318
4.190476
2.556901
4.227074
2.687023
4.245614
2.846361
4.264317
3.008547
4.236324
3.190332
4.227074
3.417476
4.199566
3.666667
4.181426
3.955056
4.119149
4.258065
3.983539
4.493617
3.826087
4.651982
3.680608
4.756757
3.539305
4.866359
3.414462
4.934579
3.298126
4.957747
3.178982
4.957747
3.068146
4.957747
2.973886
4.957747
2.880952
5.004739
2.793651
5.004739
2.715287
5.004739
2.630435
4.934579
2.560847
4.844037
2.498065
4.693333
2.426065
4.551724
2.369645
4.4
2.321343
4.141177
2.2723
3.955056
2.232987
3.758007
2.197503
3.567568
2.172839
3.341772
2.165548
3.142857
2.165548
2.957983
2.165548
2.793651
2.165548
2.633416
2.165548
2.496454
2.165548
2.378378
2.165548
2.270968
2.155902
2.172839
2.155902
2.086957
2.155902
2.007605
2.158305
1.934066
2.153504
1.862434
2.160714
1.798978
2.160714
1.739703
END
255
181
134
84
38
2.485238
5.770492
2.494845
6.478528
2.550725
6.947369
2.616216
7.333333
2.688889
7.489362
2.765714
7.597122
2.847059
7.764706
2.933333
7.822222
3.025
7.93985
3.122581
7.93985
3.226667
7.652174
3.337931
7.384615
3.457143
7.087248
3.578558
6.769231
3.701721
6.4
3.84127
6.068965
3.975359
5.677419
4.110404
5.28
4.227074
4.866359
4.283186
4.436975
4.273731
4.093023
4.340807
3.812274
4.350562
4.108949
4.273731
4.436975
END
255
165
42
42
8
4.245614
4.141177
4.067227
4.207171
3.926978
4.030534
3.803536
4.224
3.81854
4.591304
3.751938
4.981132
3.625468
5.201971
3.488288
5.333333
3.355286
5.360406
3.237458
5.415385
3.132686
5.443299
3.025
5.471503
2.928896
5.5
2.834553
5.528796
2.75
5.528796
2.670345
5.557895
2.595174
5.5
2.527415
5.5
2.463104
5.617021
2.491635
6.211765
2.453739
5.677419
2.482051
6.285714
END
255
165
42
42
8
3.565377
5.151219
3.158238
3.882353
255
165
42
42
8
3.598513
5.176471
3.153095
3.84
255
0
0
0
8
2.863905
5.28
2.534031
3.812274
255
0
0
0
8
2.855457
4.571429
2.581333
4.911628
255
0
0
0
8
3.552294
4.532189
3.242881
4.981132
255
0
0
0
8
3.153095
4.611354
3.058452
4.778281
2.964778
4.778281
2.876672
4.651982
END
255
0
0
0
8
3.309402
4.345679
END
255
0
0
0
8
3.343696
4.4
3.349481
4.4
3.355286
4.4
3.361111
4.4
3.366956
4.4
3.366956
4.381743
3.366956
4.363636
3.361111
4.345679
3.355286
4.345679
3.361111
4.345679
END
255
0
0
0
8
2.670345
4.310204
2.674033
4.310204
2.677732
4.310204
2.68144
4.292683
2.68144
4.275304
2.68144
4.258065
2.677732
4.258065
2.674033
4.258065
2.670345
4.258065
2.670345
4.275304
2.670345
4.310204
2.670345
4.327869
2.670345
4.345679
END
255
0
0
0
8
2.969325
3.784946
2.964778
3.784946
2.960245
3.798561
2.95122
3.798561
2.946728
3.826087
2.942249
3.826087
2.937784
3.84
2.933333
3.868132
2.928896
3.868132
2.924471
3.896679
2.924471
3.911111
2.92006
3.911111
2.92006
3.925651
2.915663
3.940299
2.906907
3.955056
2.902549
3.955056
2.898204
3.955056
2.893872
3.955056
2.889552
3.955056
2.885246
3.955056
2.880952
3.955056
2.876672
3.955056
2.872404
3.955056
2.868148
3.955056
2.863905
3.955056
2.859675
3.955056
2.855457
3.955056
2.851252
3.955056
2.847059
3.955056
2.842878
3.955056
2.83871
3.955056
2.834553
3.955056
2.834553
3.940299
2.830409
3.940299
2.826277
3.940299
2.818049
3.925651
2.813953
3.925651
2.805797
3.925651
2.801737
3.911111
2.797688
3.911111
2.793651
3.911111
2.789625
3.911111
2.785612
3.911111
2.781609
3.911111
2.777618
3.911111
2.773639
3.911111
2.769671
3.911111
2.765714
3.911111
2.757835
3.911111
2.753912
3.911111
2.746099
3.911111
2.738331
3.896679
2.734463
3.896679
2.730607
3.896679
2.726761
3.896679
2.722925
3.896679
2.719101
3.896679
2.711485
3.896679
2.707692
3.896679
2.703911
3.896679
2.696379
3.896679
2.688889
3.882353
2.685159
3.868132
2.677732
3.868132
2.674033
3.854015
2.666667
3.854015
2.662999
3.826087
2.662999
3.812274
2.659341
3.812274
2.659341
3.798561
2.655693
3.798561
2.655693
3.784946
2.655693
3.771429
2.655693
3.758007
2.655693
3.744681
2.655693
3.71831
2.655693
3.705263
2.655693
3.692308
2.655693
3.679442
2.655693
3.666667
2.655693
3.653979
2.655693
3.641379
2.655693
3.628866
2.655693
3.616438
2.655693
3.604095
2.655693
3.591837
2.655693
3.579661
2.655693
3.567568
2.655693
3.555556
2.655693
3.543624
2.655693
3.531773
2.655693
3.52
2.655693
3.508306
2.655693
3.496689
2.655693
3.485148
2.655693
3.473684
2.655693
3.462295
2.659341
3.45098
2.662999
3.439739
2.666667
3.417476
2.666667
3.406452
2.666667
3.384615
2.674033
3.373802
2.677732
3.363057
2.685159
3.352381
2.692629
3.33123
2.70014
3.320755
2.711485
3.28972
2.715287
3.26935
2.726761
3.249231
2.734463
3.239264
2.746099
3.219512
2.757835
3.2
2.765714
3.180723
2.781609
3.171171
2.793651
3.161677
2.805797
3.152239
2.826277
3.133531
2.83871
3.12426
2.851252
3.115044
2.863905
3.115044
2.863905
3.105882
2.868148
3.105882
2.872404
3.105882
2.876672
3.115044
2.876672
3.12426
2.885246
3.142857
2.898204
3.142857
END
255
0
0
0
8
3.315068
3.017143
3.315068
3.008547
3.326461
3
3.343696
2.991501
3.355286
2.983051
3.378709
2.966292
3.408451
2.933333
3.426549
2.917127
3.45098
2.893151
3.469534
2.869565
3.488288
2.846361
3.513612
2.846361
3.526412
2.83871
3.539305
2.83871
END
255
0
0
0
8
3.408451
2.917127
3.414462
2.917127
3.414462
2.909091
3.402461
2.901099
3.396491
2.901099
3.396491
2.893151
3.390543
2.885246
3.384615
2.885246
3.378709
2.877384
3.372822
2.861789
3.366956
2.861789
3.355286
2.861789
3.355286
2.854054
3.349481
2.846361
3.343696
2.846361
3.343696
2.83871
3.332186
2.831099
3.320755
2.816
3.298126
2.816
3.292517
2.808511
3.275804
2.801061
3.248322
2.793651
3.237458
2.78628
3.226667
2.771654
3.226667
2.764398
3.221298
2.764398
3.215947
2.764398
3.210613
2.764398
3.205298
2.75718
3.2
2.75718
3.189456
2.75
3.184211
2.75
3.178982
2.75
3.168576
2.75
3.158238
2.75
3.147968
2.742857
3.132686
2.735751
3.117552
2.728682
3.102564
2.728682
3.087719
2.728682
3.063291
2.728682
3.053628
2.728682
3.044025
2.728682
3.034483
2.728682
3.015576
2.728682
3.00155
2.728682
2.987654
2.728682
2.983051
2.728682
2.973886
2.728682
2.960245
2.728682
2.955725
2.728682
2.946728
2.728682
2.942249
2.728682
2.937784
2.728682
2.933333
2.728682
2.928896
2.728682
2.92006
2.728682
2.911278
2.728682
2.906907
2.728682
2.902549
2.728682
2.893872
2.728682
2.885246
2.728682
2.880952
2.728682
2.868148
2.728682
2.851252
2.728682
2.830409
2.728682
2.818049
2.728682
2.805797
2.728682
2.789625
2.728682
2.777618
2.728682
2.761769
2.728682
2.75
2.728682
2.734463
2.728682
2.722925
2.728682
2.719101
2.728682
2.707692
2.728682
2.70014
2.728682
2.692629
2.728682
2.688889
2.728682
2.685159
2.728682
2.677732
2.728682
2.674033
2.728682
2.666667
2.728682
2.659341
2.728682
2.648427
2.728682
2.644809
2.728682
2.637602
2.735751
2.623306
2.742857
2.619756
2.75
2.612685
2.75
2.60215
2.75718
2.595174
2.764398
2.5917
2.771654
2.588235
2.771654
2.581333
2.778947
2.581333
2.78628
2.577896
2.793651
2.571049
2.793651
2.571049
2.801061
2.564238
2.801061
2.560847
2.816
2.560847
2.823529
2.560847
2.831099
2.560847
2.83871
2.557464
2.846361
2.557464
2.854054
2.557464
2.861789
2.55409
2.869565
2.55409
2.877384
2.55409
2.885246
2.55409
2.893151
2.55409
2.901099
2.55409
2.909091
2.557464
2.909091
2.560847
2.909091
2.560847
2.917127
2.564238
2.925208
2.567639
2.925208
2.571049
2.933333
2.577896
2.933333
2.581333
2.933333
2.58478
2.933333
2.5917
2.933333
2.60215
2.941504
2.605653
2.941504
END
255
0
0
0
8
2.605653
2.771654
2.60215
2.771654
2.60215
2.764398
2.598658
2.764398
2.598658
2.75718
2.595174
2.75718
2.5917
2.75718
2.588235
2.75718
2.588235
2.75
2.581333
2.75
2.577896
2.75
2.574468
2.75
2.571049
2.75
2.567639
2.75
2.560847
2.75
2.557464
2.75
2.550725
2.742857
2.544021
2.742857
2.540682
2.742857
2.540682
2.728682
2.530719
2.728682
2.52412
2.714653
2.520833
2.707692
2.514286
2.707692
2.501292
2.700767
2.491635
2.693877
2.488432
2.693877
2.485238
2.693877
2.488432
2.693877
2.491635
2.693877
2.494845
2.693877
2.498065
2.693877
2.501292
2.693877
2.501292
2.687023
2.504528
2.687023
2.507772
2.687023
2.507772
2.680203
2.511025
2.680203
2.511025
2.673418
2.514286
2.666667
2.517555
2.666667
2.517555
2.65995
2.520833
2.65995
2.520833
2.653266
2.520833
2.646616
2.52412
2.646616
2.527415
2.633416
2.530719
2.626866
2.534031
2.626866
2.534031
2.620347
2.534031
2.613861
2.537353
2.613861
2.537353
2.607407
2.540682
2.607407
2.540682
2.594594
2.544021
2.594594
2.550725
2.588235
2.55409
2.581907
2.560847
2.569343
2.564238
2.569343
2.567639
2.556901
2.571049
2.550725
2.574468
2.550725
2.577896
2.538461
2.577896
2.532374
2.581333
2.532374
2.58478
2.532374
2.5917
2.520286
2.595174
2.514286
2.60215
2.508314
2.605653
2.50237
2.60215
2.478873
2.60215
2.473068
2.612685
2.455814
2.616216
2.450116
2.616216
2.444444
2.623306
2.43318
2.626866
2.43318
2.626866
2.427586
2.626866
2.422018
2.626866
2.416476
2.626866
2.410959
2.630435
2.410959
2.634014
2.394558
2.637602
2.378378
2.648427
2.367713
2.648427
2.362416
2.655693
2.346667
2.659341
2.341463
2.666667
2.336283
2.666667
2.331126
2.670345
2.336283
2.674033
2.336283
2.677732
2.336283
2.674033
2.336283
2.662999
2.336283
2.659341
2.331126
2.655693
2.331126
2.652055
2.331126
2.648427
2.331126
2.644809
2.331126
2.641201
2.331126
2.637602
2.331126
2.634014
2.331126
2.630435
2.331126
2.626866
2.336283
2.623306
2.336283
2.612685
2.336283
2.609164
2.336283
2.60215
2.336283
2.5917
2.331126
2.577896
2.331126
2.560847
2.331126
2.550725
2.320879
2.547369
2.320879
2.544021
2.315789
2.540682
2.315789
2.537353
2.315789
2.534031
2.315789
2.530719
2.310722
2.527415
2.305677
2.527415
2.300654
2.527415
2.295652
2.520833
2.290673
2.520833
2.285714
2.520833
2.275862
2.517555
2.270968
2.511025
2.251599
2.507772
2.237288
2.501292
2.218488
2.501292
2.213836
2.491635
2.195426
2.488432
2.186335
2.485238
2.181818
2.482051
2.172839
2.482051
2.168378
2.482051
2.163934
2.482051
2.155102
2.482051
2.146342
2.485238
2.141988
2.491635
2.129032
2.491635
2.120482
2.494845
2.112
2.498065
2.107785
2.501292
2.107785
2.511025
2.095238
2.517555
2.086957
2.52412
2.08284
2.534031
2.07874
2.547369
2.074656
2.557464
2.070588
2.571049
2.070588
2.58478
2.066536
2.60215
2.05848
2.619756
2.05848
2.634014
2.05848
2.652055
2.05848
2.666667
2.05848
2.688889
2.066536
2.696379
2.070588
2.707692
2.07874
2.715287
2.086957
2.726761
2.095238
2.74221
2.103586
2.761769
2.116232
2.785612
2.133333
2.818049
2.155102
2.855457
2.172839
2.872404
2.186335
2.880952
2.190871
2.889552
2.195426
2.898204
2.195426
2.902549
2.190871
2.902549
2.186335
2.906907
2.186335
2.906907
2.181818
2.902549
2.163934
2.893872
2.137652
2.893872
2.120482
2.893872
2.112
2.893872
2.095238
2.906907
2.07874
2.915663
2.0625
2.928896
2.046512
2.946728
2.026871
2.960245
2.015267
2.973886
2.003795
2.992272
2
3.015576
1.992453
3.039247
1.984962
3.068146
1.977528
3.102564
1.977528
3.127625
1.977528
3.168576
1.984962
3.19472
1.992453
3.221298
2
3.237458
2.007605
3.242881
2.011429
3.259259
2.022989
3.281356
2.03861
3.326461
2.0625
3.361111
2.07874
3.396491
2.095238
3.414462
2.116232
3.432624
2.129032
3.438721
2.137652
3.45098
2.141988
3.45098
2.146342
3.457143
2.159509
3.457143
2.172839
3.469534
2.195426
3.482014
2.223158
3.482014
2.232558
END
255
0
0
0
8
3.88755
2.569343
3.895372
2.550725
3.911111
2.532374
3.919028
2.508314
3.934959
2.478873
3.9591
2.455814
4
2.43318
4.033333
2.416476
4.0587
2.410959
4.050209
2.416476
4.033333
2.427586
4.016598
2.461539
4
2.490566
3.983539
2.526316
3.9591
2.563107
3.934959
2.613861
3.919028
2.64
3.903226
2.646616
3.903226
2.64
3.919028
2.607407
3.926978
2.563107
3.95102
2.496454
3.975359
2.444444
3.991753
2.394558
4.008282
2.362416
4.024948
2.362416
4.016598
2.362416
4.008282
2.378378
4.008282
2.422018
4.008282
2.490566
4.033333
2.569343
4.067227
2.65995
4.093023
2.742857
4.110404
2.831099
4.127932
2.933333
4.127932
3.008547
4.136752
3.052023
4.136752
3.060869
4.136752
3.052023
4.154506
2.983051
4.190476
2.917127
4.190476
2.909091
4.217865
2.831099
4.245614
2.735751
4.273731
2.65995
4.302222
2.594594
4.311804
2.569343
4.311804
2.57561
4.283186
2.613861
4.245614
2.673418
4.199566
2.742857
4.163441
2.816
4.154506
2.901099
4.119149
2.983051
4.093023
3.060869
4.084388
3.142857
4.084388
3.171171
4.101695
3.171171
4.110404
3.171171
4.14561
3.115044
4.190476
3.034483
4.245614
2.949721
4.302222
2.861789
4.302222
2.846361
4.36036
2.78628
4.390023
2.742857
4.410023
2.728682
4.410023
2.735751
4.390023
2.778947
4.36036
2.846361
4.331096
2.925208
4.331096
3.008547
4.331096
3.115044
4.340807
3.229358
4.340807
3.310345
4.331096
3.395498
4.331096
3.417476
4.331096
3.439739
4.331096
3.45098
4.331096
3.462295
4.331096
3.485148
4.331096
3.496689
4.340807
3.52
4.340807
3.531773
4.340807
3.567568
4.340807
3.591837
4.340807
3.604095
4.340807
3.616438
4.340807
3.628866
4.350562
3.641379
4.370203
3.653979
4.390023
3.666667
4.4
3.679442
4.410023
3.692308
4.420091
3.705263
4.410023
3.705263
4.410023
3.692308
4.4
3.628866
4.390023
3.579661
4.380091
3.52
4.370203
3.496689
4.370203
3.485148
4.36036
3.485148
END
255
203
113
90
8
4.302222
3.3
4.292683
3.052023
4.273731
2.861789
4.283186
2.714653
4.127932
2.801061
END
255
203
113
90
8
2.504528
4.061539
2.444444
3.925651
2.387176
3.784946
2.340991
3.591837
2.302022
3.417476
2.264328
3.259259
2.23815
3.087719
2.222733
2.909091
2.210046
2.75718
2.197503
2.607407
2.2
2.473068
2.202503
2.362416
2.205011
2.251599
2.210046
2.159509
2.210046
2.074656
2.225287
1.981238
2.227848
1.906137
2.220183
1.839721
2.212571
1.777778
2.264328
1.777778
2.318563
1.777778
2.399009
1.777778
2.469388
1.777778
2.544021
1.768844
2.612685
1.765886
2.70014
1.762938
2.797688
1.762938
2.902549
1.76
3.015576
1.757071
3.132686
1.745455
3.242881
1.736842
3.355286
1.736842
3.507246
1.736842
3.723077
1.73399
3.88755
1.73399
4.067227
1.73399
4.245614
1.73399
4.430206
1.757071
4.491879
1.82069
4.481482
1.885714
4.390023
1.955556
4.390023
2.034682
4.471132
2.120482
4.512821
2.213836
4.512821
2.310722
4.533958
2.427586
4.544601
2.563107
4.512821
2.693877
4.481482
2.861789
4.420091
3.034483
4.380091
3.219512
4.302222
3.417476
4.273731
3.653979
4.084388
3.812274
3.911111
3.798561
3.759223
3.896679
3.645951
3.666667
3.673624
3.417476
3.803536
3.28972
3.919028
3.439739
3.975359
3.239264
4.033333
2.949721
4.119149
2.742857
3.975359
2.917127
4.084388
2.707692
4.136752
2.57561
4.172414
2.444444
4.190476
2.315789
4.199566
2.204593
4.172414
2.095238
4.033333
2.159509
3.95102
2.25641
4.084388
2.099404
4.14561
2.01912
4.227074
1.944751
4.36036
1.823834
4.236324
1.882353
4.075789
1.93053
4.084388
1.846154
3.796078
1.862434
3.625468
1.862434
3.737452
1.82069
3.558824
1.805128
3.355286
1.805128
3.221298
1.795918
3.11254
1.777778
3.237458
1.777778
3.102564
1.802048
2.987654
1.805128
2.863905
1.805128
2.793651
1.839721
2.685159
1.852632
2.567639
1.842932
2.478873
1.836522
2.416979
1.842932
2.346667
1.849387
2.291124
1.852632
2.285714
1.934066
2.28033
2.011429
2.2723
2.095238
2.264328
2.195426
2.2723
2.300654
2.2723
2.427586
2.277647
2.556901
2.288416
2.693877
2.307509
2.83871
2.326923
2.991501
2.352369
3.171171
2.381304
3.352381
2.438287
3.508306
2.491635
3.641379
2.564238
3.692308
2.634014
3.628866
2.719101
3.591837
2.805797
3.555556
2.893872
3.555556
2.992272
3.555556
3.092652
3.555556
3.226667
3.555556
3.343696
3.555556
3.469534
3.555556
3.61194
3.555556
3.751938
3.462295
3.84127
3.28972
3.911111
3.115044
3.730251
3.142857
3.571956
3.26935
3.744681
3.133531
3.833663
2.974648
3.701721
3.133531
3.585185
3.239264
3.469534
3.373802
3.578558
3.142857
3.659735
3
3.751938
2.831099
3.864271
2.65995
3.975359
2.508314
4.067227
2.410959
3.84127
2.588235
3.618692
2.764398
3.500904
2.854054
3.378709
2.957983
3.27027
3.052023
3.390543
2.83871
3.507246
2.666667
3.605214
2.520286
3.694656
2.410959
3.539305
2.594594
3.463327
2.700767
3.372822
2.83871
3.309402
2.983051
3.19472
3.229358
3.378709
3.069767
3.494585
2.983051
3.432624
3.239264
3.315068
3.373802
3.189456
3.531773
3.326461
3.3
3.438721
3.12426
3.320755
3.115044
3.168576
3.171171
3.015576
3.239264
2.906907
3.259259
3.010886
3.2
2.876672
3.180723
2.793651
3.2
2.906907
3.180723
2.797688
3.180723
2.670345
3.2
2.550725
3.209726
2.722925
3.229358
2.834553
3.229358
2.738331
3.259259
2.655693
3.279503
2.577896
3.28972
2.659341
3.320755
2.550725
3.352381
2.463104
3.352381
2.393078
3.352381
2.456853
3.28972
2.530719
3.229358
2.588235
3.12426
2.530719
2.991501
2.463104
2.983051
2.390123
2.949721
2.463104
2.83871
2.52412
2.78628
2.5917
2.721649
2.456853
2.693877
2.352369
2.707692
2.266979
2.707692
2.372549
2.57561
2.466242
2.508314
2.540682
2.444444
2.416979
2.38914
2.346667
2.367713
2.429109
2.275862
2.534031
2.155102
2.520833
2.066536
2.447535
2.0625
2.3581
2.05848
2.29656
2.046512
2.381304
1.970149
2.482051
1.934066
2.557464
1.892473
2.485238
1.93053
2.404969
1.948339
2.343826
1.948339
2.410959
1.941176
2.488432
1.941176
2.577896
1.941176
2.677732
1.944751
2.769671
1.944751
2.855457
1.944751
3.015576
1.944751
3.163399
1.934066
3.27027
1.927007
3.414462
1.92
3.618692
1.899281
3.796078
1.895871
3.95102
1.892473
4.136752
1.892473
3.701721
1.93053
3.378709
1.923497
3.168576
1.902703
3.073016
1.875666
3.326461
1.842932
3.52
1.833333
3.673624
1.82699
3.469534
1.852632
3.19472
1.862434
2.964778
1.862434
2.793651
1.859155
2.707692
1.852632
2.826277
1.87234
3.053628
1.882353
3.390543
1.895871
3.730251
1.902703
4.008282
1.913043
3.88755
1.962825
3.645951
1.973832
3.488288
1.988701
3.680608
1.996219
3.826087
1.970149
3.975359
1.934066
3.911111
2.046512
3.856574
2.146342
3.81854
2.237288
3.826087
2.066536
3.81854
1.96648
3.708812
2.107785
3.701721
2.209205
3.680608
2.367713
3.701721
2.227848
3.694656
2.107785
3.666667
2
3.591837
2.070588
3.585185
2.204593
3.578558
2.405467
3.565377
2.588235
3.545788
2.735751
3.500904
2.496454
3.432624
2.270968
3.361111
2.070588
3.315068
1.923497
3.366956
2.07874
3.396491
2.270968
3.402461
2.508314
3.402461
2.83871
3.378709
3.017143
3.396491
2.646616
3.384615
2.346667
3.355286
2.050485
3.292517
1.909584
3.19472
2.103586
3.163399
2.300654
3.117552
2.478873
3.073016
2.666667
3.034483
2.869565
3.010886
3.034483
3.034483
2.742857
3.044025
2.450116
3.058452
2.190871
3.092652
2.042553
3.087719
2.325991
3.092652
2.581907
3.087719
2.854054
3.082803
3.105882
3.168576
2.801061
3.242881
2.50237
3.332186
2.25641
3.426549
2.141988
3.482014
2.280777
3.432624
2.444444
3.343696
2.620347
3.27027
2.808511
3.184211
2.957983
3.077901
3.133531
3.127625
2.933333
3.178982
2.680203
3.232054
2.461539
3.286927
2.325991
3.189456
2.405467
3.082803
2.581907
2.933333
2.801061
2.818049
2.983051
2.746099
3.115044
2.789625
2.861789
2.868148
2.569343
2.960245
2.300654
3.058452
2.08284
3.127625
1.955556
3.073016
2.08284
3.010886
2.242038
2.92006
2.444444
2.83871
2.707692
2.793651
2.909091
2.842878
2.771654
2.933333
2.50237
3.063291
2.251599
3.19472
2.086957
3.275804
2.022989
3.215947
2.107785
3.087719
2.227848
2.906907
2.383747
2.711485
2.569343
2.550725
2.742857
2.450633
2.861789
2.634014
2.626866
2.805797
2.427586
3.015576
2.213836
3.210613
2.070588
3.315068
2.022989
3.215947
2.103586
3.010886
2.223158
2.834553
2.373034
2.685159
2.556901
2.547369
2.75718
2.472542
2.893151
2.560847
2.520286
2.666667
2.270968
2.785612
2.070588
2.893872
1.96648
2.757835
2.086957
2.60215
2.2
2.459975
2.295652
2.381304
2.341463
2.527415
2.285714
2.734463
2.218488
2.973886
2.150713
3.178982
2.120482
3.00155
2.186335
2.757835
2.251599
2.540682
2.285714
2.396039
2.305677
2.514286
2.275862
2.70014
2.246809
2.893872
2.186335
2.805797
2.172839
2.605653
2.209205
2.42
2.213836
2.293839
2.213836
2.355231
2.163934
2.453739
2.133333
2.547369
2.103586
2.466242
2.141988
2.369645
2.172839
2.304762
2.2
2.372549
2.227848
2.453739
2.213836
2.52412
2.204593
2.463104
2.378378
2.416979
2.455814
2.355231
2.416476
2.393078
2.569343
2.520833
2.693877
2.58478
2.75718
2.637602
2.861789
2.719101
2.909091
2.540682
3.043228
2.444444
3.069767
2.619756
2.957983
2.757835
2.861789
2.893872
2.75
2.769671
2.83871
2.605653
2.933333
2.472542
2.983051
2.40796
3.017143
2.534031
2.854054
2.644809
2.707692
2.826277
2.520286
2.973886
2.394558
3.073016
2.331126
2.960245
2.336283
2.773639
2.362416
2.612685
2.378378
2.501292
2.383747
2.577896
2.336283
2.753912
2.290673
3.053628
2.227848
3.349481
2.146342
3.545788
2.095238
3.237458
2.137652
2.973886
2.155102
2.822157
2.155102
2.955725
2.05848
3.073016
2
2.859675
2.022989
2.623306
2.046512
2.426065
2.046512
2.355231
2.042553
2.527415
2.022989
2.761769
2.022989
3.058452
2.011429
3.259259
2.011429
3.11254
2.034682
2.855457
2.046512
2.564238
2.050485
2.441362
2.046512
2.612685
2.046512
2.818049
2.046512
3.015576
2.046512
3.163399
2.046512
3.27027
2.046512
3.432624
2.0625
3.552294
2.091089
3.687619
2.129032
3.848907
2.17732
4.016598
2.246809
3.9591
2.373034
3.934959
2.484706
3.694656
2.455814
3.539305
2.394558
3.414462
2.346667
3.513612
2.227848
3.666667
2.172839
3.751938
2.05848
3.751938
1.951941
3.81854
1.882353
3.895372
1.823834
4.136752
1.87234
4.217865
1.934066
4.273731
2.054475
4.273731
2.150713
4.302222
2.251599
4.331096
2.362416
4.331096
2.478873
4.331096
2.600985
4.321429
2.735751
4.302222
2.983051
4.273731
3.180723
4.190476
3.373802
4.101695
3.591837
4.217865
3.26935
4.302222
3
4.380091
2.771654
4.420091
2.613861
4.420091
2.455814
4.471132
2.325991
4.502326
2.2
4.555294
2.099404
4.587678
2.01912
4.544601
1.944751
4.420091
1.882353
END
255
203
113
90
38
3.039247
3.744681
3.025
4.045977
3.058452
4.363636
2.969325
4.493617
2.955725
4.125
2.955725
3.826087
2.863905
3.911111
2.781609
3.84
2.703911
3.591837
2.623306
3.567568
2.530719
3.679442
2.466242
3.882353
2.491635
4.190476
2.560847
4.292683
2.574468
4.714286
2.655693
4.934579
2.738331
5.052631
2.834553
5.028572
2.92006
5.004739
3.015576
4.957747
3.127625
4.957747
3.253782
4.911628
3.366956
4.888889
3.494585
4.844037
3.625468
4.735426
3.63227
4.327869
3.708812
4
3.482014
4.045977
3.298126
4.190476
3.163399
4.310204
3.337931
4.061539
3.432624
3.826087
3.178982
4
3.053628
4.190476
3.178982
4.061539
3.264755
3.854015
3.073016
3.955056
2.855457
4.190476
2.666667
4.455696
2.567639
4.611354
2.707692
4.455696
2.789625
4.240964
2.859675
4.455696
2.946728
4.455696
2.855457
4.611354
2.746099
4.631579
2.666667
4.651982
2.637602
4.141177
2.707692
3.731449
2.634014
4
2.55409
4.240964
2.623306
4.240964
2.711485
4.258065
2.70014
4.631579
2.581333
4.756757
2.514286
4.693333
2.447535
4.512821
2.393078
4.292683
2.329723
4.093023
2.285714
3.868132
2.251163
3.628866
2.215103
3.45098
2.177728
3.28972
2.158305
3.060869
2.143965
2.869565
2.136865
2.714653
2.129813
2.550725
2.127473
2.427586
2.125137
2.305677
2.127473
2.168378
2.134509
2.0625
2.136865
1.984962
2.134509
1.892473
2.143965
1.814433
2.158305
1.754153
END
255
203
113
90
38
3.292517
4.224
3.372822
4.512821
3.507246
4.455696
3.618692
4.240964
3.759223
3.969925
3.926978
3.812274
4.110404
3.798561
4.292683
3.854015
4.101695
3.758007
4.033333
4.045977
END
255
203
113
90
38
4.084388
4.4
4.050209
4.821918
3.934959
5.176471
3.78125
5.415385
3.625468
5.617021
3.488288
5.770492
3.361111
5.932584
3.248322
6.175438
3.142857
6.323353
3.029734
6.439024
2.911278
6.4
2.809869
6.211765
2.719101
6.104046
2.637602
5.932584
2.544021
5.899441
2.612685
6.439024
2.70014
6.64151
2.801737
6.901961
2.915663
6.901961
3.015576
6.857143
3.11254
6.857143
3.226667
6.812903
3.361111
6.64151
3.526412
6.323353
3.694656
6
3.84127
5.802198
END
255
165
42
42
38
3.303754
5.73913
3.17377
5.677419
3.058452
5.677419
2.95122
5.677419
2.859675
5.677419
2.75
5.677419
2.666667
5.677419
2.5917
5.617021
2.520833
5.557895
END
255
165
42
42
38
3.737452
5.052631
3.84127
4.672566
3.833663
4.292683
3.826087
3.969925
3.919028
4.240964
END
255
165
42
42
38
4.227074
4.4
4.190476
4.8
4.110404
5.227723
3.983539
5.617021
END
255
165
42
42
38
3.355286
4.957747
2.906907
3.567568
255
0
0
0
4
2.722925
4.8
2.444444
3.628866
255
0
0
0
4
2.911278
4.207171
2.826277
4.310204
2.746099
4.327869
END
255
0
0
0
4
2.898204
4.125
2.893872
4.141177
2.893872
4.15748
2.893872
4.173913
2.893872
4.190476
2.893872
4.207171
2.889552
4.207171
2.885246
4.224
2.885246
4.240964
2.880952
4.240964
2.876672
4.240964
2.868148
4.240964
2.855457
4.240964
2.851252
4.240964
2.847059
4.240964
2.83871
4.240964
2.830409
4.240964
2.826277
4.240964
2.822157
4.240964
2.813953
4.240964
2.805797
4.240964
2.801737
4.240964
2.797688
4.240964
2.793651
4.240964
2.789625
4.240964
2.781609
4.240964
2.777618
4.240964
2.773639
4.240964
2.769671
4.240964
2.765714
4.240964
2.761769
4.240964
2.753912
4.240964
2.75
4.240964
2.746099
4.240964
2.74221
4.240964
2.734463
4.224
2.730607
4.224
2.730607
4.207171
2.730607
4.207171
END
255
0
0
0
4
3.087719
4.045977
3.092652
4.045977
3.0976
4.045977
3.102564
4.045977
3.107544
4.030534
3.11254
4.015209
3.107544
4.015209
3.102564
4.015209
3.0976
4.015209
3.092652
4.030534
3.092652
4.045977
3.092652
4.061539
3.092652
4.061539
END
255
0
0
0
4
2.571049
3.984906
2.574468
3.984906
2.571049
3.940299
2.567639
3.940299
2.564238
3.940299
2.560847
3.940299
2.557464
3.940299
2.560847
3.955056
2.564238
4
2.567639
4.015209
2.571049
4.015209
2.574468
4.015209
2.581333
3.984906
2.581333
3.955056
2.581333
3.940299
2.574468
3.940299
2.571049
3.940299
2.571049
3.955056
2.567639
3.955056
2.567639
3.955056
END
255
0
0
0
4
3.326461
4.310204
3.320755
4.310204
3.309402
4.327869
3.292517
4.327869
3.292517
4.345679
3.286927
4.345679
3.275804
4.345679
3.259259
4.363636
3.242881
4.381743
3.215947
4.4
3.210613
4.41841
3.19472
4.436975
3.17377
4.455696
3.147968
4.493617
3.142857
4.512821
3.127625
4.512821
3.107544
4.532189
3.092652
4.551724
3.087719
4.551724
3.077901
4.571429
3.068146
4.571429
3.044025
4.631579
3.039247
4.631579
3.034483
4.631579
3.020281
4.651982
3.010886
4.672566
3.006211
4.672566
3.00155
4.672566
2.996904
4.672566
2.996904
4.672566
END
255
0
0
0
4
2.70014
4.310204
2.703911
4.327869
2.70014
4.327869
2.688889
4.327869
2.674033
4.345679
2.655693
4.363636
2.652055
4.381743
2.644809
4.381743
2.630435
4.381743
2.616216
4.381743
2.598658
4.381743
2.571049
4.381743
2.527415
4.381743
2.494845
4.4
2.482051
4.41841
2.478873
4.41841
2.478873
4.41841
END
255
0
0
0
4
2.785612
3.543624
2.781609
3.543624
2.777618
3.543624
2.773639
3.543624
2.769671
3.543624
2.765714
3.543624
2.757835
3.543624
2.753912
3.555556
2.746099
3.555556
2.734463
3.555556
2.734463
3.567568
2.730607
3.567568
2.722925
3.579661
2.715287
3.591837
2.715287
3.604095
2.711485
3.604095
2.707692
3.616438
2.70014
3.628866
2.70014
3.628866
2.696379
3.641379
2.688889
3.641379
2.688889
3.653979
2.68144
3.653979
2.666667
3.666667
2.666667
3.679442
2.662999
3.679442
2.659341
3.679442
2.655693
3.679442
2.648427
3.679442
2.644809
3.679442
2.641201
3.679442
2.637602
3.679442
2.634014
3.679442
2.626866
3.679442
2.623306
3.679442
2.619756
3.679442
2.616216
3.666667
2.612685
3.666667
2.605653
3.666667
2.60215
3.666667
2.595174
3.666667
2.588235
3.666667
2.577896
3.666667
2.574468
3.666667
2.567639
3.666667
2.550725
3.628866
2.530719
3.604095
2.527415
3.579661
2.527415
3.567568
2.520833
3.555556
2.514286
3.508306
2.501292
3.473684
2.491635
3.45098
2.488432
3.417476
2.482051
3.395498
2.466242
3.352381
2.459975
3.33123
2.456853
3.310345
2.456853
3.28972
2.453739
3.28972
2.453739
3.279503
2.453739
3.259259
2.453739
3.239264
2.459975
3.219512
2.463104
3.2
2.463104
3.180723
2.466242
3.171171
2.472542
3.161677
2.478873
3.142857
2.482051
3.142857
2.485238
3.115044
2.488432
3.115044
2.491635
3.105882
2.501292
3.105882
2.501292
3.096774
2.501292
3.078717
2.507772
3.078717
2.511025
3.060869
2.520833
3.052023
2.530719
3.034483
2.530719
3.025788
2.537353
3.017143
2.544021
2.991501
2.557464
3
2.564238
2.974648
2.571049
2.974648
2.574468
2.974648
2.577896
2.966292
2.588235
2.957983
2.612685
2.933333
2.644809
2.925208
2.662999
2.925208
2.666667
2.925208
2.677732
2.925208
2.696379
2.925208
2.719101
2.933333
2.734463
2.933333
2.738331
2.933333
2.746099
2.941504
2.773639
2.957983
2.809869
2.983051
2.834553
2.991501
2.83871
2.991501
2.842878
3
2.847059
3.008547
2.847059
3.008547
END
255
0
0
0
4
3.248322
2.966292
3.248322
2.957983
3.264755
2.933333
3.298126
2.877384
3.332186
2.816
3.402461
2.75
3.45098
2.714653
3.457143
2.707692
3.457143
2.707692
END
255
0
0
0
4
3.320755
2.816
3.315068
2.816
3.298126
2.816
3.286927
2.816
3.275804
2.816
3.264755
2.801061
3.259259
2.801061
3.248322
2.793651
3.232054
2.771654
3.215947
2.771654
3.19472
2.75718
3.178982
2.75
3.163399
2.75
3.147968
2.742857
3.127625
2.735751
3.0976
2.728682
3.063291
2.707692
3.034483
2.707692
3.00155
2.693877
2.978462
2.680203
2.969325
2.680203
2.95122
2.673418
2.933333
2.666667
2.906907
2.653266
2.898204
2.646616
2.885246
2.646616
2.868148
2.646616
2.847059
2.646616
2.826277
2.646616
2.801737
2.633416
2.797688
2.633416
2.773639
2.633416
2.74221
2.633416
2.719101
2.633416
2.70014
2.633416
2.674033
2.64
2.648427
2.64
2.634014
2.64
2.623306
2.64
2.605653
2.646616
2.58478
2.646616
2.567639
2.646616
2.550725
2.646616
2.530719
2.653266
2.52412
2.666667
2.507772
2.687023
2.501292
2.693877
2.491635
2.707692
2.482051
2.721649
2.472542
2.728682
2.472542
2.735751
2.466242
2.742857
2.463104
2.75
2.463104
2.75718
2.463104
2.778947
2.469388
2.801061
2.472542
2.808511
2.472542
2.816
2.475703
2.816
2.475703
2.816
END
255
0
0
0
4
2.498065
2.707692
2.498065
2.700767
2.498065
2.687023
2.491635
2.687023
2.491635
2.680203
2.482051
2.680203
2.482051
2.666667
2.478873
2.666667
2.472542
2.666667
2.469388
2.653266
2.463104
2.653266
2.463104
2.646616
2.463104
2.64
2.463104
2.633416
2.456853
2.626866
2.459975
2.620347
2.459975
2.613861
2.459975
2.607407
2.456853
2.600985
2.453739
2.588235
2.453739
2.581907
2.453739
2.57561
2.453739
2.569343
2.453739
2.563107
2.453739
2.556901
2.453739
2.544578
2.453739
2.532374
2.453739
2.526316
2.453739
2.520286
2.456853
2.520286
2.456853
2.514286
2.456853
2.508314
2.459975
2.508314
2.459975
2.50237
2.463104
2.50237
2.463104
2.496454
2.463104
2.490566
2.469388
2.478873
2.472542
2.478873
2.482051
2.46729
2.482051
2.461539
2.485238
2.461539
2.491635
2.444444
2.501292
2.427586
2.501292
2.416476
2.517555
2.394558
2.534031
2.367713
2.55409
2.341463
2.564238
2.325991
2.567639
2.325991
2.571049
2.315789
2.574468
2.315789
2.581333
2.305677
2.588235
2.290673
2.595174
2.270968
2.605653
2.251599
2.616216
2.227848
2.619756
2.204593
2.619756
2.2
2.616216
2.2
2.612685
2.2
2.609164
2.2
2.60215
2.2
2.595174
2.190871
2.581333
2.17732
2.564238
2.159509
2.55409
2.150713
2.544021
2.133333
2.534031
2.120482
2.530719
2.099404
2.517555
2.08284
2.511025
2.066536
2.511025
2.046512
2.511025
2.026871
2.511025
2.015267
2.511025
2
2.511025
1.988701
2.517555
1.977528
2.520833
1.973832
2.527415
1.96648
2.540682
1.955556
2.550725
1.951941
2.55409
1.951941
2.564238
1.951941
2.598658
1.955556
2.623306
1.955556
2.634014
1.962825
2.644809
1.96648
2.662999
1.970149
2.674033
1.981238
2.685159
1.988701
2.696379
2
2.715287
2
2.753912
2.011429
2.809869
2.030769
2.826277
2.034682
2.830409
2.034682
2.830409
2.046512
2.83871
2.050485
2.83871
2.054475
2.842878
2.054475
2.842878
2.050485
2.842878
2.042553
2.834553
2.030769
2.830409
2.01912
2.830409
1.996219
2.855457
1.96648
2.876672
1.941176
2.902549
1.923497
2.928896
1.92
2.964778
1.916515
3.044025
1.916515
3.132686
1.93053
3.189456
1.948339
3.2
1.962825
3.210613
1.977528
3.253782
2.011429
3.292517
2.046512
3.298126
2.046512
3.326461
2.086957
3.343696
2.120482
3.355286
2.129032
3.361111
2.141988
3.372822
2.155102
3.378709
2.159509
3.378709
2.168378
3.378709
2.168378
END
255
0
0
0
4
4.370203
4.190476
4.36036
4.173913
4.340807
4.07722
4.331096
4
4.331096
3.969925
4.331096
3.955056
4.331096
3.882353
4.331096
3.826087
4.331096
3.784946
4.321429
3.744681
4.311804
3.71831
4.321429
3.641379
4.311804
3.579661
4.321429
3.531773
4.321429
3.496689
4.340807
3.462295
4.340807
3.439739
4.350562
3.406452
4.36036
3.384615
4.36036
3.373802
4.36036
3.352381
4.36036
3.320755
4.370203
3.28972
4.380091
3.239264
4.390023
3.180723
4.410023
3.087719
4.420091
3
4.440367
2.925208
4.440367
2.83871
4.440367
2.75
4.450575
2.687023
4.450575
2.626866
4.460829
2.57561
4.481482
2.514286
4.481482
2.455814
4.481482
2.38914
4.481482
2.336283
4.481482
2.295652
4.481482
2.251599
4.481482
2.209205
4.481482
2.17732
4.491879
2.159509
4.512821
2.133333
4.512821
2.107785
4.512821
2.086957
4.512821
2.0625
4.523365
2.03861
4.523365
2.011429
4.512821
1.977528
4.512821
1.944751
4.502326
1.906137
4.481482
1.875666
4.460829
1.852632
4.460829
1.833333
4.460829
1.817556
4.450575
1.798978
4.450575
1.780776
4.471132
1.754153
4.481482
1.72549
4.491879
1.708738
4.512821
1.692308
4.502326
1.692308
4.491879
1.71987
4.481482
1.76
4.481482
1.802048
4.491879
1.869027
4.512821
1.944751
4.512821
2.007605
4.512821
2.022989
4.512821
2.01912
4.544601
1.996219
4.555294
1.970149
4.555294
1.944751
4.544601
1.923497
4.544601
1.92
4.533958
1.92
4.512821
1.92
4.502326
1.923497
4.481482
1.93053
4.481482
1.934066
4.491879
1.93053
4.523365
1.892473
4.576832
1.823834
4.587678
1.762938
4.598575
1.742574
4.576832
1.742574
4.566038
1.76
4.566038
1.783784
4.566038
1.808219
4.555294
1.836522
4.544601
1.855888
4.544601
1.859155
4.555294
1.859155
4.576832
1.839721
4.587678
1.805128
4.576832
1.780776
4.576832
1.777778
4.566038
1.792869
4.566038
1.833333
4.609524
1.902703
4.609524
1.96648
4.598575
2.034682
4.576832
2.054475
4.598575
2.046512
4.642686
2
4.642686
1.944751
4.642686
1.913043
4.631579
1.913043
4.620525
1.92
4.609524
1.973832
4.642686
2.0625
4.66506
2.146342
4.687651
2.213836
4.687651
2.227848
4.710462
2.227848
4.733496
2.186335
4.733496
2.150713
4.733496
2.137652
4.733496
2.141988
4.710462
2.195426
4.676329
2.270968
4.676329
2.270968
END
255
244
86
87
4
4.576832
2.331126
4.576832
2.295652
4.566038
2.209205
4.609524
2.120482
4.676329
2.0625
4.676329
2.05848
4.676329
2.095238
4.676329
2.186335
4.676329
2.300654
4.609524
2.38914
4.544601
2.43318
4.544601
2.444444
4.544601
2.427586
4.555294
2.367713
4.598575
2.290673
4.642686
2.213836
4.66506
2.2
4.653846
2.209205
4.609524
2.270968
4.609524
2.438799
4.609524
2.600985
4.609524
2.764398
4.598575
2.816
4.609524
2.816
4.653846
2.728682
4.687651
2.64
4.710462
2.569343
4.710462
2.538461
4.710462
2.550725
4.653846
2.607407
4.598575
2.728682
4.566038
2.846361
4.533958
2.933333
4.512821
2.966292
4.512821
2.957983
4.555294
2.885246
4.609524
2.771654
4.642686
2.700767
4.653846
2.680203
4.642686
2.707692
4.598575
2.83871
4.533958
3.034483
4.460829
3.239264
4.390023
3.417476
4.390023
3.439739
4.440367
3.341772
4.481482
3.2
4.512821
3.115044
4.512821
3.12426
4.481482
3.219512
4.440367
3.417476
4.410023
3.628866
4.380091
3.784946
4.36036
3.868132
4.36036
3.854015
4.4
3.705263
4.440367
3.555556
4.450575
3.531773
4.450575
3.543624
4.390023
3.71831
4.370203
4
4.36036
4.173913
4.36036
4.15748
4.350562
3.940299
4.430206
3.628866
4.523365
3.352381
4.609524
3.142857
4.676329
2.957983
4.710462
2.846361
4.780247
2.75
4.792079
2.64
4.792079
2.563107
4.756757
2.514286
4.745098
2.478873
4.745098
2.478873
END
255
244
86
87
4
2.685159
4.224
2.685159
4.207171
2.685159
4.15748
2.685159
4.093023
2.688889
4.030534
2.688889
4.015209
2.688889
4.030534
2.68144
4.093023
2.674033
4.141177
2.666667
4.190476
2.666667
4.207171
2.666667
4.190476
2.666667
4.108949
2.68144
4
2.688889
3.955056
2.688889
3.940299
2.688889
3.955056
2.677732
4.030534
2.655693
4.108949
2.644809
4.15748
2.648427
4.15748
2.659341
4.07722
2.68144
3.940299
2.70014
3.771429
2.707692
3.692308
2.692629
3.71831
2.688889
3.71831
2.652055
3.868132
2.612685
4.030534
2.58478
4.141177
2.577896
4.190476
2.577896
4.173913
2.588235
4.061539
2.60215
3.984906
2.616216
3.896679
2.619756
3.868132
2.616216
3.868132
2.605653
3.940299
2.60215
4.045977
2.595174
4.093023
2.595174
4.108949
2.5917
4.108949
2.5917
4.07722
2.60215
3.984906
2.605653
3.925651
2.60215
3.925651
2.574468
4
2.534031
4.108949
2.494845
4.190476
2.491635
4.207171
2.501292
4.15748
2.517555
4.030534
2.534031
3.911111
2.540682
3.84
2.537353
3.84
2.520833
3.896679
2.501292
3.940299
2.491635
3.969925
2.491635
3.984906
2.494845
3.955056
2.517555
3.896679
2.540682
3.826087
2.547369
3.771429
2.540682
3.771429
2.520833
3.868132
2.491635
3.955056
2.482051
3.984906
2.485238
3.984906
2.507772
3.911111
2.52412
3.84
2.530719
3.826087
2.52412
3.84
2.501292
3.955056
2.482051
4.173913
2.478873
4.240964
2.491635
4.240964
2.511025
4.093023
2.530719
3.940299
2.537353
3.925651
2.534031
3.925651
2.520833
4.030534
2.504528
4.15748
2.501292
4.224
2.504528
4.224
2.534031
4.141177
2.560847
4.030534
2.574468
3.984906
2.574468
4
2.544021
4.125
2.52412
4.207171
2.52412
4.224
2.55409
4.108949
2.588235
4
2.609164
3.955056
2.612685
3.940299
2.612685
4
2.5917
4.173913
2.5917
4.240964
2.612685
4.275304
2.634014
4.240964
2.659341
4.190476
2.666667
4.173913
2.662999
4.173913
2.634014
4.275304
2.60215
4.381743
2.598658
4.4
2.609164
4.41841
2.634014
4.292683
2.659341
4.125
2.662999
4.015209
2.655693
4
2.605653
4.045977
2.571049
4.061539
2.567639
4.061539
2.581333
3.955056
2.609164
3.784946
2.616216
3.666667
2.574468
3.666667
2.571049
3.666667
2.491635
3.826087
2.43522
3.911111
2.426065
3.955056
2.456853
3.868132
2.491635
3.758007
2.507772
3.71831
2.511025
3.71831
2.514286
3.744681
2.514286
3.744681
END
255
255
255
255
4
2.937784
4.190476
2.942249
4.190476
2.955725
4.045977
2.983051
3.882353
2.983051
3.868132
2.996904
3.784946
2.992272
3.784946
2.960245
3.911111
2.92006
4.045977
2.915663
4.061539
2.92006
4.061539
2.960245
3.984906
3.015576
3.882353
3.029734
3.826087
3.020281
3.868132
2.969325
4.045977
2.933333
4.207171
2.92006
4.275304
2.928896
4.240964
2.95122
4.093023
2.973886
4
2.978462
3.955056
2.960245
4.045977
2.92006
4.258065
2.893872
4.455696
2.893872
4.493617
2.92006
4.345679
2.987654
4.045977
3.058452
3.758007
3.077901
3.679442
3.058452
3.798561
3.00155
4.15748
2.946728
4.551724
2.937784
4.693333
2.946728
4.651982
2.987654
4.363636
3.044025
4.061539
3.092652
3.84
3.0976
3.826087
3.068146
3.955056
3.015576
4.207171
2.983051
4.4
2.973886
4.41841
3.00155
4.292683
3.063291
3.984906
3.068146
3.969925
3.132686
3.744681
3.158238
3.692308
3.127625
3.798561
3.058452
4.07722
3.029734
4.292683
3.029734
4.327869
3.063291
4.190476
3.137763
3.984906
3.158238
3.911111
3.147968
3.911111
3.102564
4.108949
3.053628
4.292683
3.053628
4.327869
3.082803
4.224
3.137763
4.045977
3.17377
3.911111
3.163399
3.911111
3.092652
4.093023
3.025
4.258065
3.010886
4.327869
3.053628
4.240964
3.142857
4.045977
3.259259
3.854015
3.281356
3.812274
3.210613
3.868132
3.127625
4.061539
3.0976
4.224
3.102564
4.258065
3.163399
4.141177
3.215947
4.030534
3.215947
4
3.17377
4.015209
3.168576
4.015209
3.087719
4.093023
3.073016
4.141177
3.11254
4.108949
3.19472
3.969925
3.248322
3.868132
3.237458
3.826087
3.132686
3.925651
3.058452
4.093023
3.048819
4.190476
3.0976
4.15748
3.178982
4.030534
3.2
4.030534
3.189456
4.045977
3.163399
4.125
3.163399
4.141177
3.19472
4.093023
3.232054
4
3.248322
3.969925
3.226667
3.969925
3.178982
4
3.168576
4.045977
3.189456
4.061539
3.2
4.07722
3.2
4.093023
3.189456
4.190476
3.184211
4.190476
3.189456
4.190476
3.242881
4.07722
3.242881
4.061539
3.315068
3.911111
3.326461
3.868132
3.303754
3.925651
3.232054
4.141177
3.189456
4.327869
3.184211
4.345679
3.226667
4.224
3.248322
4.093023
3.237458
4.093023
3.189456
4.173913
3.137763
4.292683
3.137763
4.310204
3.178982
4.240964
3.221298
4.07722
3.215947
4
3.163399
4.030534
3.058452
4.224
3.020281
4.345679
3.025
4.345679
3.0976
4.207171
3.147968
4.045977
3.137763
4
3.058452
4.15748
2.960245
4.436975
2.946728
4.571429
2.973886
4.512821
3.039247
4.190476
3.107544
3.925651
3.117552
3.854015
3.073016
3.984906
3.015576
4.190476
3.00155
4.292683
3.039247
4.15748
3.11254
3.984906
3.147968
3.911111
3.122581
3.955056
3.068146
4.141177
3.053628
4.224
3.073016
4.125
3.117552
3.969925
3.122581
3.955056
3.153095
3.826087
3.137763
3.798561
3.077901
3.896679
3.034483
3.955056
3.029734
3.955056
3.044025
3.882353
3.048819
3.784946
3.048819
3.771429
3.044025
3.771429
3.029734
3.798561
3.025
3.798561
3.00155
3.812274
2.964778
3.911111
2.937784
4.061539
2.933333
4.125
2.933333
4.141177
2.933333
4.125
2.960245
4.045977
2.992272
3.911111
3.025
3.784946
3.039247
3.731449
3.044025
3.71831
3.048819
3.731449
3.073016
3.744681
3.0976
3.744681
3.117552
3.744681
3.132686
3.744681
3.163399
3.771429
3.178982
3.784946
3.19472
3.812274
3.2
3.868132
3.210613
3.911111
3.215947
3.955056
3.221298
3.984906
3.221298
4.030534
3.226667
4.045977
3.237458
4.045977
3.237458
4.093023
3.242881
4.125
3.248322
4.141177
3.253782
4.141177
3.259259
4.141177
3.286927
4.061539
3.292517
4.045977
3.286927
4.061539
3.237458
4.15748
3.19472
4.240964
3.184211
4.275304
3.189456
4.275304
3.19472
4.240964
3.189456
4.240964
3.122581
4.275304
3.053628
4.363636
3.048819
4.363636
3.044025
4.363636
3.044025
4.381743
3.044025
4.4
3.020281
4.455696
3.015576
4.512821
3.020281
4.512821
3.044025
4.474576
3.058452
4.4
3.063291
4.327869
3.073016
4.275304
3.073016
4.275304
END
255
255
255
255
4
2.517555
3.826087
2.514286
3.826087
2.511025
3.826087
2.511025
3.84
2.540682
3.798561
2.567639
3.758007
2.564238
3.758007
2.55409
3.784946
2.550725
3.812274
2.544021
3.798561
2.514286
3.798561
2.485238
3.868132
2.488432
3.882353
2.507772
3.882353
2.547369
3.868132
2.55409
3.854015
2.550725
3.868132
2.550725
3.882353
2.540682
3.911111
2.544021
3.911111
2.581333
3.84
2.605653
3.854015
2.595174
3.882353
2.547369
3.969925
2.52412
4.030534
2.530719
4.061539
2.55409
4
2.557464
4
2.581333
3.868132
2.571049
3.826087
2.534031
3.896679
2.52412
4
2.540682
4.045977
2.5917
4.045977
2.644809
3.925651
2.644809
3.854015
2.5917
3.84
2.537353
3.940299
2.530719
4.061539
2.567639
4.141177
2.616216
4.061539
2.623306
3.969925
2.619756
3.955056
2.60215
4.045977
2.60215
4.061539
2.609164
4.07722
2.612685
4.07722
2.616216
4.07722
2.623306
4.093023
2.623306
4.108949
2.634014
4.108949
2.68144
4.108949
2.711485
4.141177
2.711485
4.15748
2.703911
4.190476
2.70014
4.190476
2.696379
4.190476
2.677732
4.190476
2.662999
4.240964
2.641201
4.275304
2.616216
4.292683
2.609164
4.292683
2.598658
4.275304
2.574468
4.275304
2.567639
4.275304
2.564238
4.275304
2.544021
4.275304
2.520833
4.275304
2.511025
4.275304
2.507772
4.292683
2.501292
4.292683
2.494845
4.258065
2.491635
4.258065
2.488432
4.258065
2.482051
4.258065
2.478873
4.258065
2.478873
4.240964
2.482051
4.108949
2.488432
3.984906
2.494845
3.925651
2.498065
3.896679
2.494845
3.911111
2.478873
4.061539
2.459975
4.240964
2.456853
4.292683
2.482051
4.207171
2.520833
4.045977
2.544021
3.925651
2.547369
3.911111
2.537353
3.955056
2.530719
4.015209
2.534031
4.030534
2.550725
4
2.550725
3.984906
2.557464
3.969925
2.55409
3.969925
2.550725
4.045977
2.550725
4.07722
2.560847
4.07722
2.581333
4.045977
2.598658
4.015209
2.60215
4
2.60215
4.015209
2.58478
4.045977
2.58478
4.030534
2.605653
3.911111
2.619756
3.84
2.619756
3.826087
2.616216
3.826087
2.612685
3.868132
2.619756
3.882353
2.637602
3.896679
2.648427
3.868132
2.644809
3.868132
2.644809
3.896679
2.644809
3.925651
2.648427
3.925651
2.655693
3.940299
2.659341
3.940299
2.659341
3.925651
2.659341
3.868132
2.644809
3.798561
2.616216
3.758007
2.60215
3.744681
2.598658
3.744681
2.5917
3.731449
2.58478
3.731449
2.577896
3.731449
2.567639
3.744681
2.567639
3.758007
2.598658
3.71831
2.623306
3.666667
2.619756
3.666667
2.574468
3.705263
2.547369
3.784946
2.547369
3.812274
2.564238
3.826087
2.60215
3.798561
2.616216
3.784946
2.616216
3.771429
2.616216
3.798561
2.612685
3.868132
2.616216
3.896679
2.634014
3.896679
2.630435
3.911111
2.598658
3.940299
2.564238
4.015209
2.560847
4.045977
2.577896
4.045977
2.626866
4.015209
2.655693
4
2.652055
4.015209
2.644809
4.045977
2.637602
4.093023
2.634014
4.141177
2.634014
4.15748
2.612685
4.190476
2.5917
4.240964
2.588235
4.240964
2.595174
4.207171
2.623306
4.108949
2.634014
4.045977
2.616216
4.030534
2.571049
4.093023
2.520833
4.141177
2.498065
4.190476
2.501292
4.190476
2.527415
4.190476
2.581333
4.093023
2.581333
4.07722
2.605653
4.015209
2.574468
4.015209
2.520833
4.093023
2.491635
4.173913
2.491635
4.190476
2.511025
4.190476
2.540682
4.125
2.550725
4.108949
2.547369
4.125
2.540682
4.190476
2.544021
4.207171
2.564238
4.224
2.598658
4.190476
2.60215
4.190476
2.598658
4.240964
2.571049
4.292683
2.560847
4.292683
2.564238
4.292683
2.557464
4.258065
2.540682
4.240964
2.537353
4.240964
2.534031
4.240964
2.530719
4.240964
2.511025
4.224
2.507772
4.224
2.504528
4.224
2.494845
4.173913
2.485238
4.173913
2.472542
4.173913
2.466242
4.173913
2.453739
4.190476
2.438287
4.240964
2.441362
4.240964
2.450633
4.190476
2.463104
4.108949
2.472542
4.093023
2.472542
4.061539
2.472542
4.015209
2.472542
4
2.472542
3.984906
2.475703
3.984906
2.494845
3.911111
2.520833
3.854015
2.550725
3.854015
2.550725
3.868132
2.550725
3.955056
2.547369
3.969925
2.55409
3.984906
2.588235
3.969925
2.623306
3.925651
2.641201
3.925651
2.644809
3.925651
2.655693
3.969925
2.655693
3.984906
2.655693
4.045977
2.655693
4.061539
2.659341
4.061539
2.662999
4.061539
2.685159
4.061539
2.688889
4.030534
2.692629
4.030534
2.715287
4.061539
2.715287
4.061539
END
255
255
255
255
4
2.960245
4.512821
2.973886
4.474576
2.983051
4.455696
3.015576
4.436975
3.082803
4.345679
3.205298
4.258065
3.286927
4.240964
3.281356
4.240964
3.27027
4.292683
3.264755
4.327869
3.259259
4.345679
3.27027
4.345679
3.303754
4.292683
3.343696
4.275304
3.343696
4.258065
3.337931
4.258065
3.298126
4.275304
3.281356
4.292683
3.275804
4.292683
3.275804
4.275304
3.286927
4.207171
3.303754
4.141177
3.298126
4.15748
3.292517
4.173913
3.298126
4.173913
3.309402
4.125
3.303754
4.125
3.259259
4.190476
3.242881
4.240964
3.248322
4.240964
3.292517
4.125
3.337931
4.045977
3.332186
4.015209
3.259259
4.093023
3.215947
4.15748
3.2
4.173913
3.226667
4.093023
3.253782
4
3.259259
3.955056
3.232054
3.940299
3.19472
3.955056
3.19472
3.940299
3.210613
3.911111
3.215947
3.868132
3.215947
3.854015
3.210613
3.854015
3.19472
3.868132
3.205298
3.868132
3.248322
3.784946
3.259259
3.744681
3.205298
3.744681
3.158238
3.758007
3.158238
3.771429
3.17377
3.771429
3.168576
3.771429
3.158238
3.784946
3.153095
3.784946
3.158238
3.784946
3.163399
3.784946
3.163399
3.705263
3.168576
3.692308
3.132686
3.692308
3.087719
3.692308
3.053628
3.705263
3.048819
3.705263
3.048819
3.71831
3.053628
3.71831
3.087719
3.679442
3.147968
3.616438
3.184211
3.591837
3.189456
3.591837
3.189456
3.628866
3.184211
3.641379
3.163399
3.679442
3.117552
3.679442
3.058452
3.744681
3.015576
3.812274
3.00155
3.826087
3.00155
3.854015
2.987654
3.896679
2.983051
3.940299
2.978462
3.984906
2.973886
4.030534
2.964778
4.07722
2.964778
4.061539
2.987654
3.955056
3.015576
3.826087
3.044025
3.705263
3.039247
3.679442
3.00155
3.784946
2.964778
3.911111
2.946728
4
2.946728
3.984906
2.978462
3.896679
3.029734
3.744681
3.048819
3.653979
3.020281
3.679442
2.937784
3.812274
2.872404
3.955056
2.876672
3.984906
2.906907
3.940299
2.946728
3.854015
2.95122
3.854015
2.946728
3.882353
2.937784
3.955056
2.933333
4.045977
2.937784
4.093023
2.969325
4.108949
2.973886
4.108949
2.969325
4.190476
2.969325
4.207171
2.973886
4.207171
3.00155
4.15748
3.00155
4.141177
2.973886
4.190476
2.946728
4.345679
2.942249
4.4
2.987654
4.4
3.044025
4.240964
3.102564
4.093023
3.087719
4.108949
3.053628
4.258065
3.039247
4.381743
3.034483
4.4
3.044025
4.4
3.048819
4.4
3.102564
4.345679
3.153095
4.258065
3.158238
4.240964
3.132686
4.292683
3.11254
4.345679
3.107544
4.381743
3.107544
4.381743
END
255
255
255
255
4
2.577896
4.15748
2.581333
4.15748
2.612685
4.173913
2.623306
4.173913
2.623306
4.190476
2.626866
4.190476
2.626866
4.207171
2.626866
4.224
2.648427
4.240964
2.652055
4.258065
2.648427
4.258065
2.623306
4.292683
2.588235
4.327869
2.58478
4.327869
2.577896
4.327869
2.557464
4.327869
2.550725
4.345679
2.544021
4.345679
2.530719
4.345679
2.511025
4.345679
2.507772
4.327869
2.507772
4.292683
2.501292
4.240964
2.494845
4.108949
2.491635
4.045977
2.491635
4.030534
2.488432
4
2.485238
3.984906
2.482051
3.984906
2.478873
4
2.469388
4
2.469388
4.030534
2.469388
4.015209
2.475703
3.969925
2.472542
3.911111
2.472542
3.896679
2.469388
3.868132
2.466242
3.882353
2.463104
3.925651
2.453739
4
2.450633
4.093023
2.450633
4.108949
2.453739
4.108949
2.469388
4.108949
2.475703
4.093023
2.482051
4.093023
2.482051
4.093023
END
255
255
255
255
4
2.560847
4.015209
2.557464
4.045977
2.560847
4.045977
2.567639
4.030534
2.567639
4
2.567639
3.984906
2.557464
3.984906
2.550725
4.030534
2.544021
4.045977
2.550725
4.093023
2.550725
4.07722
2.550725
4.07722
END
255
0
0
0
4
3.117552
4.061539
3.127625
4.061539
3.132686
4.061539
3.132686
4.045977
3.107544
4.030534
3.077901
4.015209
3.058452
4.07722
3.053628
4.07722
3.073016
4.093023
3.102564
4.045977
3.11254
4.030534
3.107544
4.030534
3.102564
4.061539
3.0976
4.093023
3.0976
4.108949
3.0976
4.108949
END
255
0
0
0
4
2.527415
6.439024
2.520833
6.439024
2.511025
6.4
2.501292
6.285714
2.498065
6.211765
2.491635
6.175438
2.482051
6.104046
2.482051
6.068965
2.478873
6
2.472542
5.966102
2.463104
5.899441
2.459975
5.866667
2.456853
5.866667
2.444444
5.770492
2.444444
5.73913
2.43522
5.708108
2.429109
5.647059
2.42
5.528796
2.416979
5.528796
2.416979
5.5
2.416979
5.471503
2.416979
5.443299
2.423029
5.415385
2.426065
5.333333
2.432161
5.333333
2.43522
5.333333
2.444444
5.333333
2.453739
5.333333
2.472542
5.333333
2.488432
5.360406
2.491635
5.360406
2.491635
5.387755
2.498065
5.415385
2.494845
5.415385
2.475703
5.415385
2.441362
5.443299
2.42
5.443299
2.416979
5.443299
2.423029
5.443299
2.426065
5.443299
2.438287
5.5
2.456853
5.5
2.463104
5.5
2.466242
5.528796
2.466242
5.5
2.463104
5.176471
2.466242
5.101449
2.469388
5.101449
2.472542
5.101449
2.482051
5.076923
2.485238
5.076923
2.488432
5.076923
2.482051
5.101449
2.456853
5.126214
2.441362
5.126214
2.426065
5.176471
2.426065
5.227723
2.423029
5.28
2.429109
5.415385
2.447535
5.587302
2.450633
5.677419
2.453739
5.770492
2.456853
5.834254
2.463104
5.866667
2.463104
5.899441
2.466242
5.966102
2.475703
6.068965
2.482051
6.248521
2.491635
6.478528
2.511025
6.64151
2.520833
6.769231
2.52412
6.769231
2.52412
6.769231
END
255
165
42
42
10
2.463104
5.932584
2.463104
5.899441
2.450633
5.73913
2.450633
5.708108
2.432161
5.647059
2.423029
5.587302
2.42
5.5
2.416979
5.443299
2.40796
5.415385
2.40796
5.387755
2.40796
5.306533
2.40796
5.253731
2.40796
5.227723
2.40796
5.201971
2.404969
5.201971
2.399009
5.201971
2.396039
5.176471
2.390123
5.176471
2.387176
5.176471
2.384236
5.176471
2.381304
5.176471
2.381304
5.176471
END
255
165
42
42
10
3.766537
4.631579
3.766537
4.611354
3.766537
4.532189
3.751938
4.493617
3.751938
4.436975
3.744681
4.381743
3.737452
4.327869
3.730251
4.310204
3.730251
4.292683
3.723077
4.292683
3.773879
4.381743
3.78865
4.455696
3.78865
4.474576
3.796078
4.493617
3.78865
4.493617
3.766537
4.493617
3.751938
4.512821
3.744681
4.512821
3.723077
4.436975
3.708812
4.4
3.701721
4.363636
3.687619
4.292683
3.673624
4.258065
3.659735
4.240964
3.65283
4.240964
3.65283
4.224
3.645951
4.173913
3.639098
4.15748
3.639098
4.141177
3.639098
4.125
3.639098
4.108949
3.639098
4.093023
3.639098
4.061539
3.639098
4.045977
3.645951
4.015209
3.645951
4
3.645951
3.984906
3.65283
3.969925
3.659735
3.955056
3.666667
3.925651
3.666667
3.911111
3.687619
3.911111
3.701721
3.868132
3.715931
3.868132
3.730251
3.868132
3.744681
3.868132
3.751938
3.868132
3.744681
3.868132
3.708812
3.911111
3.687619
4
3.673624
4.093023
3.673624
4.125
3.673624
4.15748
3.673624
4.190476
3.680608
4.190476
3.694656
4.173913
3.723077
4.108949
3.723077
4.030534
3.730251
4.030534
3.730251
4
3.737452
3.955056
3.751938
3.955056
3.766537
3.896679
3.796078
3.882353
3.81854
3.882353
3.848907
3.882353
3.88755
3.911111
3.934959
3.925651
3.95102
3.955056
3.967213
3.984906
4
4.015209
4
4.030534
4.016598
4.045977
4.024948
4.061539
4.050209
4.07722
4.110404
4.141177
4.154506
4.141177
4.245614
4.15748
4.36036
4.190476
4.420091
4.240964
4.430206
4.240964
4.440367
4.240964
4.450575
4.258065
4.440367
4.258065
4.390023
4.258065
4.390023
4.258065
END
255
165
42
42
10
4.380091
5.076923
4.380091
5.052631
4.390023
4.866359
4.390023
4.631579
4.390023
4.532189
4.390023
4.512821
4.390023
4.493617
4.390023
4.474576
4.4
4.436975
4.410023
4.4
4.420091
4.363636
4.420091
4.292683
4.420091
4.240964
4.420091
4.190476
4.420091
4.173913
4.420091
4.141177
4.420091
4.108949
4.420091
4.093023
4.410023
4.093023
4.420091
4.045977
4.420091
4.061539
4.420091
4.141177
4.410023
4.345679
4.36036
4.551724
4.331096
4.756757
4.302222
4.934579
4.273731
5.052631
4.273731
5.126214
4.245614
5.253731
4.245614
5.333333
4.245614
5.443299
4.236324
5.5
4.236324
5.471503
4.264317
5.176471
4.273731
5.076923
4.273731
5.052631
4.302222
5.052631
4.340807
5.028572
4.350562
5.028572
4.36036
5.028572
4.350562
5.028572
4.331096
5.101449
4.302222
5.201971
4.283186
5.333333
4.254945
5.5
4.245614
5.557895
4.227074
5.617021
4.190476
5.677419
4.136752
5.866667
4.093023
5.966102
4.075789
6
4.067227
6
4.067227
6
END
255
165
42
42
10
3.361111
4.141177
3.366956
4.141177
3.402461
4.141177
3.45098
4.141177
3.500904
4.141177
3.526412
4.108949
3.545788
4.093023
3.552294
4.093023
3.565377
4.093023
3.625468
4.093023
3.65283
4.093023
3.659735
4.093023
3.701721
4.108949
3.730251
4.108949
3.730251
4.125
3.737452
4.141177
3.737452
4.141177
END
255
165
42
42
10
3.372822
4.15748
3.378709
4.15748
3.384615
4.15748
3.402461
4.15748
3.414462
4.15748
3.420495
4.15748
3.432624
4.15748
3.45098
4.15748
3.463327
4.15748
3.494585
4.15748
3.526412
4.15748
3.558824
4.141177
3.598513
4.141177
3.605214
4.141177
3.605214
4.125
3.61194
4.125
3.605214
4.125
3.605214
4.141177
3.605214
4.141177
END
255
0
0
0
10
3.237458
4.292683
3.226667
4.310204
255
0
0
0
10
3.2
4.327869
3.205298
4.327869
3.210613
4.327869
3.226667
4.310204
3.292517
4.240964
3.309402
4.240964
3.309402
4.258065
3.286927
4.240964
3.259259
4.240964
3.226667
4.240964
3.210613
4.275304
3.19472
4.275304
3.17377
4.292683
3.163399
4.310204
3.163399
4.327869
3.163399
4.345679
3.158238
4.345679
3.142857
4.363636
3.117552
4.4
3.102564
4.436975
3.102564
4.455696
3.0976
4.455696
3.092652
4.455696
3.087719
4.455696
3.077901
4.455696
3.073016
4.474576
3.058452
4.474576
3.044025
4.512821
3.029734
4.512821
3.029734
4.532189
3.015576
4.532189
3.00155
4.571429
3.00155
4.591304
2.987654
4.611354
2.973886
4.631579
2.973886
4.611354
2.973886
4.571429
2.973886
4.551724
2.964778
4.532189
2.964778
4.512821
2.960245
4.455696
2.946728
4.4
2.937784
4.363636
2.937784
4.345679
2.937784
4.327869
2.937784
4.310204
2.937784
4.258065
2.937784
4.207171
2.946728
4.190476
2.955725
4.141177
2.960245
4.07722
2.960245
4.061539
2.960245
4.045977
2.969325
4
2.973886
3.955056
2.987654
3.911111
3.006211
3.826087
3.015576
3.784946
3.020281
3.784946
3.029734
3.771429
3.053628
3.744681
3.073016
3.705263
3.077901
3.705263
3.082803
3.692308
3.087719
3.692308
3.092652
3.692308
3.107544
3.692308
3.117552
3.679442
3.122581
3.679442
3.137763
3.679442
3.147968
3.679442
3.153095
3.679442
3.158238
3.679442
3.163399
3.679442
3.163399
3.692308
3.168576
3.705263
3.189456
3.71831
3.189456
3.744681
3.19472
3.744681
3.205298
3.758007
3.210613
3.784946
3.215947
3.798561
3.221298
3.812274
3.226667
3.826087
3.237458
3.84
3.259259
3.882353
3.286927
3.911111
3.303754
3.955056
3.309402
3.955056
3.309402
3.969925
3.315068
4
3.309402
4.045977
3.315068
4.07722
3.309402
4.07722
3.298126
4.093023
3.292517
4.093023
3.286927
4.093023
3.275804
4.061539
3.253782
3.984906
3.226667
3.911111
3.210613
3.868132
3.184211
3.84
3.178982
3.84
3.168576
3.826087
3.158238
3.812274
3.147968
3.812274
3.11254
3.812274
3.063291
3.812274
3.058452
3.812274
3.053628
3.826087
3.039247
3.896679
3.025
3.955056
3.015576
4.015209
3.015576
4.07722
3.015576
4.141177
2.996904
4.224
2.996904
4.240964
2.992272
4.240964
2.987654
4.275304
2.987654
4.258065
2.987654
4.190476
2.992272
4.141177
2.992272
4.141177
END
255
255
255
255
10
2.634014
4.190476
2.637602
4.190476
2.637602
4.207171
2.641201
4.224
2.644809
4.224
2.652055
4.240964
2.655693
4.240964
2.659341
4.240964
2.666667
4.240964
2.666667
4.258065
2.670345
4.258065
2.674033
4.258065
2.677732
4.258065
2.68144
4.258065
2.68144
4.240964
2.685159
4.190476
2.688889
4.190476
2.685159
4.173913
2.670345
4.141177
2.670345
4.125
2.670345
4.061539
2.666667
4.061539
2.666667
4.045977
2.666667
4
2.666667
3.984906
2.666667
3.969925
2.666667
3.955056
2.662999
3.911111
2.659341
3.882353
2.659341
3.868132
2.655693
3.854015
2.655693
3.812274
2.652055
3.812274
2.648427
3.784946
2.644809
3.784946
2.641201
3.784946
2.634014
3.758007
2.626866
3.744681
2.623306
3.744681
2.616216
3.731449
2.612685
3.71831
2.605653
3.71831
2.595174
3.705263
2.588235
3.705263
2.581333
3.705263
2.577896
3.705263
2.571049
3.705263
2.560847
3.71831
2.550725
3.744681
2.544021
3.771429
2.530719
3.812274
2.52412
3.84
2.52412
3.854015
2.520833
3.868132
2.517555
3.911111
2.511025
3.911111
2.511025
3.955056
2.507772
3.955056
2.507772
4
2.507772
4.030534
2.504528
4.061539
2.498065
4.108949
2.485238
4.173913
2.482051
4.224
2.482051
4.240964
2.472542
4.275304
2.466242
4.345679
2.469388
4.345679
2.491635
4.345679
2.488432
4.345679
2.482051
4.345679
2.482051
4.327869
2.478873
4.258065
2.475703
4.224
2.475703
4.224
END
255
255
255
255
10
2.472542
4.15748
2.472542
4.125
2.472542
4.093023
2.475703
4.061539
2.475703
4.061539
END
255
255
255
255
10
2.707692
4.292683
2.703911
4.292683
2.70014
4.292683
2.685159
4.292683
2.677732
4.310204
2.666667
4.310204
2.648427
4.345679
2.637602
4.345679
2.616216
4.381743
2.60215
4.4
2.595174
4.41841
2.58478
4.41841
2.581333
4.41841
2.567639
4.436975
2.550725
4.436975
2.537353
4.436975
2.511025
4.455696
2.478873
4.474576
2.472542
4.474576
2.463104
4.493617
2.463104
4.512821
2.466242
4.512821
2.469388
4.512821
2.469388
4.512821
END
255
0
0
0
10
3.326461
4.240964
3.315068
4.240964
3.309402
4.258065
3.298126
4.292683
3.281356
4.292683
3.248322
4.345679
3.232054
4.4
3.226667
4.4
3.210613
4.41841
3.178982
4.455696
3.163399
4.474576
3.158238
4.493617
3.132686
4.512821
3.117552
4.532189
3.11254
4.532189
3.092652
4.571429
3.082803
4.591304
3.073016
4.591304
3.063291
4.611354
3.058452
4.611354
3.044025
4.631579
3.00155
4.651982
2.978462
4.693333
2.973886
4.693333
2.973886
4.714286
2.969325
4.714286
2.969325
4.756757
2.969325
4.756757
END
255
0
0
0
10
