Pen,Pen,Pen,Pen,Pen,Pen,Pen,Pen,Pen,Pen,Pen,Pen,Pen,Pen,Pen,Pen,Pen,Pen,Pen,Pen,Pen,Pen,Pen,Pen,Pen,Pen,Pen,Pen,Pen,Pen,Pen,Pen,Pen,Pen,Pen,Pen,Pen,Pen,Pen,Pen,Pen,Pen,Pen,Pen,Pen,Pen,Pen,Pen,Pen,Pen,Pen,Pen,Pen,Pen,Pen,Pen,Pen,Pen,Pen,Pen,Pen,Pen,Pen,Pen,Pen,Pen,Pen,Pen,Pen,Pen
1306
620
1304
620
1294
617
1288
614
1288
613
1288
611
1287
611
1287
610
1287
609
1287
608
1286
608
1286
607
1285
607
END
255
0
0
0
1
1036
45
1036
45
END
255
0
0
0
1
523
276
522
276
522
275
521
275
521
274
521
273
520
273
520
272
520
271
520
270
520
269
519
268
519
267
518
267
518
266
517
265
517
264
517
263
517
262
516
261
516
260
515
259
515
258
515
257
514
256
513
255
513
254
512
254
512
253
512
252
512
251
511
251
510
250
510
249
509
248
508
247
508
246
507
245
507
244
506
243
506
242
506
241
506
240
506
239
505
239
505
238
504
237
504
236
504
235
503
234
503
233
502
232
502
231
502
230
501
229
500
228
500
227
500
226
499
225
499
224
499
223
499
222
499
221
498
220
498
219
498
218
497
218
497
217
497
216
497
215
497
214
497
213
497
212
497
211
497
210
497
209
496
209
496
208
496
207
496
206
495
205
495
204
494
203
494
202
494
201
494
200
493
199
493
198
492
198
492
197
492
196
491
196
491
195
491
194
490
194
490
193
490
192
489
191
489
190
489
189
489
188
488
188
488
187
488
186
487
185
487
183
487
182
486
181
486
180
486
179
486
178
485
177
485
175
485
174
485
172
484
171
484
169
483
168
483
166
483
165
483
164
483
163
483
162
482
161
481
160
481
159
481
158
481
157
480
156
480
154
479
153
479
152
479
151
478
149
478
148
478
147
478
146
478
145
478
144
477
143
477
142
477
141
477
140
476
138
476
137
476
136
476
135
476
134
476
133
476
132
476
131
476
130
476
129
476
128
476
126
476
125
476
123
476
122
476
121
476
120
476
118
476
117
476
116
476
114
476
113
476
112
476
110
476
108
476
107
476
105
476
103
477
102
477
100
477
99
477
98
477
96
477
94
477
93
477
92
477
90
477
89
477
88
477
86
477
85
477
84
477
83
477
82
477
81
477
79
477
77
477
76
477
74
477
73
477
72
477
70
477
69
477
68
477
66
477
65
478
65
478
64
478
63
479
63
481
63
482
64
483
64
483
65
484
66
485
66
485
67
486
67
486
68
487
68
487
69
488
69
488
70
489
71
490
71
490
72
491
72
492
72
493
73
494
74
495
74
496
74
497
74
498
75
499
75
500
75
501
75
502
75
503
76
504
76
505
76
506
76
506
77
507
77
508
77
508
78
509
78
510
79
511
80
512
81
512
82
513
82
514
83
515
83
515
84
516
85
517
85
517
86
519
87
520
89
521
90
522
90
523
91
523
92
524
93
525
94
526
94
526
95
527
95
527
96
528
96
528
97
529
98
529
99
530
99
531
100
532
101
533
102
534
103
535
103
535
104
537
105
538
105
538
106
539
107
540
107
541
108
541
109
542
110
545
113
546
114
547
115
548
116
549
117
552
119
553
120
554
120
556
121
557
122
558
123
559
123
561
125
562
126
563
126
564
127
564
128
565
128
565
129
566
129
567
131
568
132
569
132
570
134
570
135
571
136
572
137
573
138
574
139
574
140
575
142
576
143
577
144
577
145
578
146
578
147
579
148
581
150
581
152
582
153
584
156
585
157
586
159
588
162
588
163
589
164
589
165
590
166
591
167
591
168
592
170
593
171
593
172
594
174
595
177
596
179
597
180
598
183
598
184
598
185
599
186
599
188
600
189
600
190
601
191
602
194
603
196
603
197
604
198
604
199
605
200
606
202
606
203
607
204
608
206
608
207
609
207
609
208
609
209
610
210
610
211
610
212
611
213
611
214
611
215
612
216
612
217
612
218
613
219
613
221
613
222
614
223
614
224
614
225
615
226
615
227
616
228
616
230
616
231
616
232
616
233
617
233
617
234
617
235
617
236
617
237
617
238
618
239
618
240
619
241
619
242
619
243
619
244
620
244
620
245
620
246
621
246
620
246
END
255
255
255
0
13
492
182
492
181
493
181
493
180
494
180
495
179
496
178
497
177
498
177
498
176
499
176
499
175
500
175
500
174
501
174
502
173
503
173
504
172
505
172
505
171
506
171
506
170
507
170
507
169
508
169
509
169
509
168
510
167
511
167
511
166
512
166
512
165
513
165
513
164
514
163
515
162
515
161
516
161
516
160
517
160
517
159
518
158
519
157
520
156
521
155
522
154
523
153
523
152
524
152
525
151
525
150
526
150
527
150
527
149
528
149
529
148
529
147
530
147
530
146
531
146
532
146
532
145
533
145
534
144
535
143
536
143
537
142
538
142
539
141
540
141
541
140
542
140
543
140
543
139
544
139
544
138
545
138
546
138
547
137
548
137
549
137
550
137
550
136
551
136
552
136
553
136
554
136
555
136
556
135
557
135
558
135
559
134
560
134
561
134
562
134
563
134
564
134
565
134
566
134
565
134
END
255
255
255
0
13
620
231
621
231
622
231
622
230
623
230
624
230
625
229
626
229
627
229
628
229
629
229
629
228
630
228
631
228
632
228
633
227
634
227
634
226
635
226
636
225
637
225
638
225
638
224
639
224
640
224
640
223
641
223
642
223
643
223
643
222
644
222
645
222
646
221
646
220
647
220
648
220
649
219
651
219
652
218
653
218
654
218
654
217
656
216
657
216
658
216
659
216
660
215
661
215
662
215
663
215
664
214
665
214
666
214
667
214
668
214
669
214
670
213
671
213
672
213
673
213
674
213
675
213
676
213
677
213
678
213
679
213
680
212
681
212
682
212
683
212
684
212
685
212
686
211
687
211
688
211
689
211
690
211
692
211
693
211
694
211
695
211
697
211
698
211
700
211
701
211
703
211
704
211
706
211
707
211
708
211
710
211
711
211
712
211
713
211
714
211
715
211
716
211
717
211
718
211
719
211
720
211
721
211
722
212
723
212
724
212
725
212
726
212
727
212
728
212
729
212
730
212
731
212
732
212
733
212
734
212
734
213
736
213
736
214
738
214
739
214
740
215
741
215
742
216
743
216
745
216
746
216
747
217
748
217
749
217
749
218
750
218
751
218
752
218
753
218
753
219
754
219
755
219
756
219
756
220
757
220
758
220
759
220
760
220
760
221
761
222
763
222
765
222
768
223
769
223
772
224
773
225
774
225
775
225
777
226
778
226
779
226
780
226
781
227
782
227
783
227
784
228
785
228
786
228
787
229
788
229
789
229
790
230
792
231
793
231
794
231
795
232
797
233
798
233
798
234
799
234
800
234
801
234
801
235
802
235
802
236
801
236
END
255
255
255
0
13
798
244
797
244
798
244
799
244
800
243
801
243
802
243
802
242
803
241
804
241
805
240
806
239
807
238
808
237
809
236
810
235
810
234
811
233
812
232
812
231
813
230
813
229
814
228
814
227
815
226
816
225
816
223
817
222
817
221
818
219
819
218
819
216
820
214
821
212
821
211
822
210
823
208
823
207
824
206
824
205
825
204
826
202
826
201
827
200
827
198
828
198
828
196
829
195
830
192
831
191
831
189
832
188
833
186
834
183
835
182
835
180
835
179
836
177
837
175
837
173
838
172
839
170
840
168
840
166
841
165
841
162
842
160
843
158
844
156
844
155
845
153
846
150
848
147
848
146
849
144
850
142
851
139
852
138
853
136
855
133
855
131
856
130
857
128
858
126
859
126
859
125
860
124
861
123
862
122
864
120
865
118
866
117
867
114
868
113
869
112
870
110
871
109
872
107
873
105
874
104
876
102
876
101
877
99
878
98
878
97
879
96
880
96
880
95
881
95
881
94
882
93
883
93
884
91
885
89
886
88
887
87
889
84
890
81
891
80
893
78
894
75
895
75
896
73
896
72
897
71
898
69
900
67
900
66
901
66
902
63
903
61
904
59
905
57
906
57
907
55
908
54
908
53
909
52
911
50
911
49
913
48
914
45
915
44
917
42
918
41
919
41
920
42
921
43
922
44
923
44
924
45
925
45
926
46
927
47
928
47
928
48
929
48
930
48
931
49
932
50
932
51
933
51
934
52
934
53
935
54
936
55
936
57
937
58
937
59
938
60
938
61
939
62
940
62
940
63
940
64
940
66
940
67
941
68
941
70
941
72
942
72
942
74
942
75
942
76
942
78
942
80
942
81
942
83
942
84
942
86
942
88
943
89
943
91
943
92
943
93
943
94
943
95
944
96
944
97
944
98
944
99
944
100
944
101
944
102
944
103
944
104
944
105
944
106
944
107
944
109
944
110
944
112
944
113
944
114
944
117
944
118
944
120
944
121
944
122
944
123
944
124
945
124
945
126
945
128
945
130
945
133
945
135
946
137
946
138
946
140
946
141
946
142
946
144
946
146
946
147
946
148
946
150
946
151
946
153
946
156
946
157
946
162
946
163
946
165
945
167
945
170
945
172
945
176
944
180
943
183
943
186
943
187
943
189
942
190
942
192
942
193
942
194
942
196
942
197
942
201
941
202
941
204
941
206
941
209
941
211
941
212
940
215
940
216
939
218
939
221
938
223
938
225
938
226
937
229
936
230
935
233
934
235
933
238
932
239
931
241
931
242
930
243
930
244
929
247
928
247
928
249
927
250
927
251
926
252
925
253
925
255
925
256
924
257
923
259
923
260
922
262
921
264
920
266
919
268
919
270
918
271
917
274
916
277
915
279
915
281
914
282
914
284
913
287
913
289
912
292
912
293
911
294
909
294
END
255
255
255
0
13
857
137
856
137
855
138
856
138
859
138
860
138
861
138
862
138
863
138
864
138
865
138
866
138
867
138
868
138
869
138
870
138
871
138
873
138
874
138
875
138
876
138
878
138
880
138
881
138
883
138
884
138
887
138
888
138
890
138
893
138
896
138
898
138
900
138
902
139
903
139
904
139
905
140
906
140
907
140
908
140
909
140
910
140
911
140
912
140
913
141
914
141
916
142
918
142
919
143
920
143
921
144
923
144
924
145
926
146
927
146
928
147
929
148
930
148
930
149
931
149
932
149
932
150
933
150
934
151
935
151
936
151
936
152
936
153
937
153
938
154
938
155
939
155
939
156
940
156
940
157
940
158
940
159
939
160
END
255
255
255
0
13
903
96
904
96
905
96
906
94
906
93
907
93
907
94
907
95
906
97
906
98
906
97
906
96
906
93
907
90
908
87
908
85
909
84
909
83
909
84
908
86
908
87
908
88
908
87
908
85
908
84
909
78
909
77
910
75
910
76
909
78
909
81
909
83
909
85
909
84
909
83
910
82
911
78
912
76
912
74
912
73
913
73
914
73
914
72
914
71
915
71
915
70
916
70
916
69
917
69
918
69
918
68
919
67
919
66
920
64
920
65
918
70
918
69
918
68
919
65
920
63
920
60
920
59
920
60
919
62
918
65
918
67
917
68
917
67
917
65
917
63
917
61
917
60
917
61
917
62
916
63
916
64
916
63
916
62
916
60
916
58
916
57
914
57
913
59
913
60
912
60
912
59
912
58
912
56
912
55
912
54
912
53
913
52
913
51
913
50
913
49
914
49
915
48
916
47
916
46
917
46
916
46
916
47
915
48
914
49
913
49
913
50
913
51
913
52
913
53
912
54
912
55
912
56
911
57
911
58
911
59
910
59
910
60
910
61
909
62
909
63
908
63
907
63
907
62
907
60
907
58
907
57
907
58
907
59
905
65
905
67
904
71
904
74
903
75
903
73
904
70
904
68
904
66
904
67
904
69
902
73
901
77
899
80
898
82
897
84
896
84
896
83
896
82
895
83
895
84
893
88
893
89
891
90
891
89
891
88
891
87
891
86
890
87
889
89
888
91
888
92
887
92
887
91
887
90
886
91
884
94
883
97
882
99
882
101
881
101
880
101
880
102
879
103
878
104
878
105
877
105
876
105
876
106
876
107
875
107
874
108
874
109
873
109
873
111
872
112
872
113
871
114
871
115
870
116
870
117
869
117
869
118
868
119
867
119
867
120
867
121
867
122
867
123
866
124
865
124
865
125
864
126
863
127
863
128
862
129
862
131
861
132
860
133
860
134
860
133
860
132
861
131
863
131
864
131
865
131
866
131
867
131
868
131
869
131
870
131
871
131
872
131
873
131
874
131
875
131
876
131
877
131
878
131
879
131
880
131
881
131
882
131
883
131
884
131
885
131
886
131
887
131
888
131
889
131
890
131
891
131
892
131
893
131
894
131
896
131
897
131
898
131
900
131
901
131
902
131
903
131
904
131
904
132
905
132
906
132
907
133
908
133
909
133
910
133
911
133
911
134
912
134
913
134
913
135
914
135
915
135
916
135
917
136
918
136
919
136
920
137
922
137
923
138
924
138
925
138
925
139
926
139
927
139
928
139
929
139
929
140
930
140
931
140
931
141
932
141
933
142
934
142
934
143
935
143
935
144
936
144
936
145
937
145
938
146
939
147
940
147
940
146
940
145
940
143
940
142
940
141
939
140
939
139
938
138
938
137
938
136
937
135
937
134
937
133
937
132
937
131
937
130
937
129
937
128
937
127
937
126
937
125
937
124
937
123
937
122
936
121
936
120
936
119
936
118
936
117
936
116
936
114
936
113
936
112
936
111
936
110
936
108
935
107
935
105
934
104
934
103
934
102
934
100
934
99
934
98
934
97
934
96
934
95
934
93
934
92
934
90
934
88
934
87
934
85
934
84
934
83
934
82
933
81
933
79
932
78
932
77
932
76
931
75
931
74
931
73
931
72
930
70
930
69
929
68
928
67
928
66
927
64
927
63
927
62
927
61
926
61
926
60
925
59
925
58
925
57
924
56
924
55
924
54
923
53
922
53
922
52
921
51
920
51
919
51
918
51
918
52
917
52
917
53
916
54
915
54
914
55
913
56
913
57
912
57
911
59
910
59
909
60
909
61
908
61
908
62
907
63
906
64
905
65
905
66
904
66
904
67
903
68
902
69
901
70
901
71
899
72
899
73
898
73
898
74
897
75
896
76
896
77
894
78
894
79
893
80
892
82
891
83
890
84
890
85
889
87
889
89
889
90
888
91
888
93
887
95
886
96
885
99
885
100
884
103
884
105
883
106
882
108
881
109
881
111
880
111
879
112
879
113
878
113
878
114
877
115
876
116
875
116
874
117
873
119
871
120
870
121
869
122
868
122
867
122
867
123
866
123
866
124
865
124
864
125
864
126
863
126
862
126
861
126
860
126
859
126
858
126
857
127
856
128
856
127
859
125
860
125
860
124
860
123
861
122
861
121
862
120
862
119
863
118
863
117
864
116
864
115
864
114
865
113
865
112
866
111
866
110
866
109
867
109
867
108
868
106
868
105
869
104
870
103
871
101
871
100
872
99
872
98
872
97
873
97
873
96
874
95
875
95
875
94
876
93
878
92
878
91
879
90
880
89
881
89
883
87
884
87
884
85
885
84
886
83
886
82
887
80
888
78
889
77
890
75
890
74
891
72
891
71
892
70
893
69
893
68
894
67
896
65
896
63
897
63
897
62
897
61
898
61
899
59
900
58
900
57
902
56
902
55
902
54
903
54
903
53
904
52
905
51
906
49
907
47
907
46
908
45
909
44
910
43
911
42
912
41
913
39
914
38
915
37
916
37
918
36
919
36
920
35
921
35
922
34
923
33
924
32
925
32
925
33
925
34
925
35
925
36
925
37
926
38
927
39
927
40
927
41
928
41
929
41
931
43
931
44
932
45
933
46
933
47
933
48
934
48
934
49
934
50
935
51
936
53
936
54
936
55
937
55
937
57
938
58
938
59
938
60
938
61
939
63
939
64
939
65
939
66
940
67
940
68
940
69
940
70
940
71
940
72
941
72
941
73
941
74
942
75
942
76
942
77
942
78
943
78
943
79
944
80
944
81
944
82
945
83
945
84
945
86
946
88
946
89
946
91
946
92
946
93
946
95
946
96
946
98
946
100
946
101
946
102
946
103
946
104
946
106
946
107
946
108
947
109
947
110
947
111
947
112
947
113
947
114
947
115
947
116
947
117
947
118
947
119
947
120
947
121
947
122
947
124
947
125
947
126
947
127
947
128
947
129
947
130
947
132
947
133
947
134
947
135
947
136
947
137
947
138
947
139
947
141
946
141
946
142
946
143
946
144
946
145
946
146
945
146
945
145
945
144
944
139
942
132
942
127
941
121
941
120
940
120
939
123
938
130
937
134
937
135
937
136
937
135
937
132
937
124
937
120
937
118
936
116
935
117
933
122
932
126
932
125
931
122
931
114
931
110
930
107
927
112
925
118
923
125
922
129
922
127
922
120
923
114
924
106
925
104
924
108
922
117
920
124
920
126
920
125
920
119
921
112
924
102
924
99
924
101
920
110
917
118
916
122
916
121
916
113
917
99
919
87
919
84
916
90
912
99
906
114
902
123
902
122
903
111
907
95
909
86
912
78
912
79
908
89
906
97
902
106
902
108
902
107
904
101
905
97
905
93
903
98
900
105
894
116
889
122
887
122
887
119
889
112
889
108
890
106
889
110
886
118
883
125
882
127
882
128
882
126
882
123
882
121
882
120
882
121
880
124
878
127
878
126
878
124
879
120
879
117
878
118
878
121
878
124
878
123
879
121
882
114
885
104
887
99
889
96
890
102
890
109
890
112
891
110
893
105
896
95
898
90
900
87
900
92
898
103
898
108
897
111
898
110
902
101
906
90
909
84
912
79
912
83
910
87
909
94
908
96
909
91
910
86
913
79
915
74
916
73
916
78
914
87
914
91
914
91
915
84
918
75
919
71
919
70
921
69
921
71
920
75
919
81
918
84
918
83
919
81
921
79
922
77
922
78
922
79
922
81
922
82
922
84
922
86
922
89
923
90
923
89
923
85
925
79
925
76
925
75
925
81
925
86
925
92
925
93
925
90
925
85
926
82
926
83
925
88
923
94
920
102
918
109
917
111
915
113
913
114
911
115
910
115
909
115
908
116
END
255
0
0
0
13
908
116
908
117
908
119
909
119
910
119
912
119
913
119
915
120
916
120
917
120
918
120
919
120
920
121
921
121
922
123
923
124
924
125
925
126
924
126
923
127
922
127
921
128
919
129
916
129
911
129
907
129
903
128
901
127
900
126
899
126
900
126
902
126
906
125
910
125
913
125
915
125
917
125
918
125
920
125
923
125
925
125
926
125
927
125
927
126
927
127
927
128
927
130
927
131
928
131
929
131
930
130
931
129
932
129
933
128
935
127
936
126
936
124
936
120
936
116
936
111
936
106
936
103
936
101
937
97
938
91
938
87
939
84
939
81
940
78
940
76
940
75
940
73
940
72
940
70
940
69
940
68
940
67
940
66
939
64
939
62
939
61
939
60
939
58
939
57
939
54
939
55
941
60
942
63
942
64
942
65
942
67
943
69
943
70
943
71
943
73
944
74
944
78
944
81
944
84
944
88
944
91
END
255
0
0
0
13
475
66
475
67
475
68
476
68
476
67
477
67
477
66
477
64
477
65
476
74
476
78
476
81
476
83
476
86
476
87
476
88
476
90
476
93
476
94
476
96
476
97
476
98
476
99
476
100
476
102
476
103
476
105
476
107
476
109
476
112
476
113
476
115
476
117
476
118
477
120
477
123
477
125
477
126
477
128
478
130
478
132
478
133
479
135
480
138
481
139
482
141
482
144
483
147
483
150
483
153
484
155
484
157
484
159
484
162
484
164
484
165
484
167
484
169
484
170
484
171
484
172
485
173
485
175
485
176
485
177
486
179
486
180
487
182
487
183
487
184
487
183
489
179
490
177
491
174
492
172
493
170
494
169
494
168
495
167
496
166
497
165
497
164
498
164
498
163
499
162
500
162
500
161
501
160
502
159
503
158
504
158
505
156
506
156
507
154
509
153
510
151
512
150
513
149
514
149
515
149
516
148
517
148
517
147
519
147
520
147
522
146
524
145
525
144
526
144
527
143
529
142
530
141
531
141
533
141
535
140
536
139
538
139
539
138
541
137
543
136
545
135
546
135
547
135
548
134
550
134
552
133
553
133
555
132
557
132
558
132
559
131
561
131
563
131
564
130
566
130
567
130
569
130
570
129
569
128
564
126
563
125
561
124
560
124
559
123
558
123
557
122
556
122
555
122
554
121
553
121
552
120
551
120
550
119
549
119
547
118
546
118
546
117
544
117
543
115
542
114
541
112
541
111
540
110
539
109
537
107
536
105
536
104
536
103
535
102
536
102
540
102
541
102
545
103
547
104
548
104
549
105
550
106
552
107
554
108
555
108
556
110
558
111
559
112
559
111
554
107
552
105
550
103
549
102
548
101
546
99
545
98
544
98
543
96
542
95
541
94
539
93
537
91
535
90
534
89
533
89
531
87
530
87
529
86
527
84
525
83
524
82
523
82
522
81
521
80
520
80
519
79
518
78
517
77
517
76
516
76
515
75
514
73
513
72
512
71
512
70
511
69
510
69
509
68
507
68
506
67
504
66
503
66
501
65
500
65
498
64
497
64
495
64
494
64
494
63
492
63
491
62
490
62
489
61
488
61
487
60
485
60
483
60
480
59
479
59
478
59
477
59
477
58
476
58
476
59
477
63
477
66
477
69
477
72
478
75
478
81
479
86
479
89
479
90
479
89
479
85
481
76
482
66
482
60
482
58
482
64
482
72
483
78
483
80
483
79
483
74
483
69
484
67
484
68
484
72
484
76
485
76
486
74
487
69
488
66
489
67
490
71
491
75
492
78
493
77
494
76
495
74
496
74
497
75
498
75
498
76
499
77
499
78
500
79
501
79
501
80
503
80
504
80
505
78
506
78
506
79
507
80
508
81
510
82
511
83
512
83
513
84
515
85
517
86
517
87
518
87
520
87
521
88
522
89
523
91
524
91
524
92
525
93
526
95
527
97
529
99
529
101
531
102
531
103
532
103
533
100
534
95
534
92
534
93
532
98
530
104
530
106
529
105
529
99
529
94
529
92
527
93
524
99
523
101
522
102
520
98
520
92
519
86
518
85
515
91
512
96
512
97
511
95
509
91
507
89
506
88
502
91
501
93
499
96
497
96
496
95
496
90
496
87
494
87
493
92
492
97
491
99
491
98
491
89
491
81
491
79
489
83
486
92
485
98
484
100
484
97
484
94
484
88
484
89
484
96
483
105
483
111
483
110
484
103
486
94
487
91
486
102
485
113
485
120
485
122
485
118
486
111
487
105
487
105
486
114
484
125
483
133
483
131
484
124
485
117
485
114
484
117
484
120
484
123
483
123
483
121
483
117
482
114
481
112
480
112
479
113
478
115
477
117
477
119
477
123
477
126
477
127
477
128
477
130
477
131
477
132
477
133
477
134
477
136
477
138
477
140
477
141
477
142
477
144
477
145
477
146
477
148
477
150
477
153
477
154
478
155
478
156
478
157
479
158
479
160
480
162
480
164
481
166
482
168
483
170
483
171
483
172
484
173
484
174
484
175
484
177
484
178
484
177
484
176
484
173
483
168
482
165
481
160
480
157
479
155
478
151
477
149
477
146
476
143
475
141
474
137
474
135
473
132
473
130
472
129
471
127
471
124
471
121
471
119
471
116
471
112
471
111
471
110
472
109
474
108
476
108
478
111
480
117
482
126
484
132
485
134
487
126
488
111
490
96
491
89
491
93
491
111
491
120
491
124
492
117
494
105
495
94
496
92
496
107
496
120
496
126
496
124
497
114
499
101
500
100
499
114
497
130
497
142
497
144
497
138
497
130
496
126
495
132
494
142
494
148
494
148
494
140
494
128
494
120
493
124
492
136
491
145
491
150
491
147
491
139
493
131
493
135
493
146
493
155
493
158
493
154
493
143
494
136
494
134
494
142
494
148
494
151
494
150
494
147
494
144
494
144
494
147
494
150
494
149
494
143
494
138
496
136
496
140
496
145
496
149
496
147
497
143
498
136
498
134
498
137
499
142
499
145
499
144
500
141
500
137
501
134
502
134
502
135
503
136
503
133
503
129
503
127
503
131
504
139
504
145
504
144
504
136
505
121
505
114
505
112
505
118
505
129
505
132
505
131
505
119
506
108
506
103
506
110
506
130
506
142
506
145
506
134
508
112
511
97
512
93
512
104
512
127
512
136
512
136
512
126
514
115
515
109
515
110
515
123
515
133
515
136
515
129
516
118
518
106
519
109
519
120
518
129
518
134
518
130
519
122
522
110
523
108
523
119
523
129
523
133
523
129
524
120
527
108
528
107
528
119
527
128
527
133
527
132
528
125
530
115
531
114
531
125
530
133
530
134
530
129
532
123
533
120
533
119
533
122
534
123
534
121
536
116
538
114
539
118
539
124
539
126
539
122
541
116
541
114
541
116
541
120
541
121
542
121
542
120
542
121
542
122
543
123
544
123
544
124
544
126
545
128
545
127
546
125
547
122
547
119
548
119
549
119
549
120
550
120
551
119
552
118
552
117
554
117
555
117
556
117
557
117
558
117
559
117
559
116
560
116
561
116
562
117
563
118
563
119
564
120
565
120
566
120
567
120
567
121
END
255
0
0
0
13
538
174
537
174
535
177
END
255
255
255
0
13
546
180
546
179
546
183
547
192
551
205
556
210
561
207
561
194
558
183
548
183
542
194
538
211
539
215
542
201
544
181
545
168
541
171
537
185
533
199
533
200
533
191
534
175
534
169
531
171
528
176
526
181
524
183
524
182
523
180
521
179
518
183
516
188
512
193
511
195
510
196
509
196
507
196
506
196
505
196
504
195
504
194
503
193
502
192
501
191
501
190
501
188
501
187
501
186
503
186
505
184
505
183
507
180
510
176
512
175
513
175
514
174
517
171
518
169
521
167
523
165
525
162
528
158
530
154
531
153
533
151
535
147
537
145
539
144
541
144
544
144
546
144
548
144
552
144
556
144
559
145
563
145
565
145
567
145
569
147
571
148
573
150
574
150
575
150
575
149
575
148
575
147
575
151
575
158
575
171
575
178
576
180
576
170
577
163
578
164
579
173
580
187
581
192
581
183
580
169
578
161
575
163
573
171
570
180
568
178
567
167
566
159
564
156
560
162
555
169
552
168
551
160
551
150
549
149
546
161
545
172
544
178
544
176
544
168
545
160
545
161
541
171
538
179
536
180
536
173
536
168
535
171
531
187
529
201
525
209
523
204
523
197
522
192
520
203
518
215
517
223
517
222
517
209
517
204
516
205
513
214
511
218
511
218
509
208
508
196
507
192
506
198
506
213
505
220
505
217
505
207
506
199
507
198
507
207
507
222
509
228
510
226
512
218
514
208
516
209
516
219
516
223
516
233
517
237
519
236
521
231
521
227
521
229
521
242
521
251
521
254
521
248
521
231
521
219
521
223
521
240
521
249
521
252
521
245
523
231
525
223
526
228
526
247
526
258
526
259
527
245
530
230
534
221
534
230
532
251
532
260
533
253
535
234
542
206
546
199
546
216
544
230
543
236
543
223
546
200
551
173
548
175
541
193
534
209
531
209
531
198
535
179
536
172
534
185
530
209
529
218
529
214
530
200
536
173
540
157
539
162
535
177
534
182
534
174
537
159
539
153
540
153
539
160
537
168
537
169
538
164
540
159
543
151
543
151
543
163
544
173
545
177
546
171
550
157
556
150
559
160
559
172
559
180
560
175
562
160
564
151
564
156
563
177
562
189
562
195
563
187
565
177
570
169
571
178
571
194
572
200
574
196
577
185
580
180
581
185
581
199
581
206
581
201
585
187
587
179
589
179
589
188
591
193
593
193
593
192
591
194
588
201
587
204
588
203
589
197
591
193
591
198
593
208
593
213
594
213
595
212
596
210
597
210
599
212
600
213
600
215
600
216
601
218
601
223
601
227
603
228
604
228
605
223
606
220
607
224
607
232
608
237
608
236
608
232
609
230
609
234
609
238
609
239
610
239
611
237
612
237
612
239
612
245
612
250
610
248
607
241
604
229
603
222
601
221
599
229
598
236
597
236
596
228
595
223
593
221
590
229
587
239
585
241
583
235
584
222
585
212
584
215
581
228
580
235
580
235
579
224
581
210
581
207
576
219
572
234
570
240
567
235
566
218
564
208
561
210
558
221
555
231
554
234
554
228
558
210
563
194
563
201
560
217
559
233
559
236
562
228
568
212
END
255
255
255
0
13
576
190
576
192
570
208
564
223
558
235
558
237
564
227
575
206
581
193
575
201
562
221
552
234
549
237
550
237
555
230
557
226
551
233
544
243
534
255
530
261
532
257
539
247
545
239
547
237
545
246
540
259
536
266
535
268
536
265
541
253
544
243
544
247
541
259
535
273
533
277
534
270
539
257
549
238
550
236
546
245
538
257
532
268
531
271
531
269
531
266
532
264
533
263
536
260
541
255
546
252
549
252
550
261
547
273
547
274
551
261
556
249
561
240
561
246
558
258
557
264
558
258
561
245
566
233
567
236
566
248
566
254
567
252
571
243
574
239
END
255
255
255
0
13
578
233
580
233
580
240
580
246
581
245
583
240
586
235
586
238
587
244
588
246
590
243
593
241
595
242
595
247
596
250
598
248
601
243
603
242
604
243
606
243
607
243
END
255
255
255
0
13
861
144
860
145
860
144
860
142
858
143
855
148
855
149
854
149
854
147
855
147
857
146
861
146
866
144
868
143
867
143
863
144
858
147
856
147
857
147
862
144
868
142
874
141
877
141
878
141
880
142
883
144
887
144
891
147
896
148
900
150
903
151
905
151
908
152
911
154
914
155
919
155
922
155
925
155
927
156
930
157
932
158
935
161
938
164
939
164
938
164
933
165
926
165
920
165
919
164
920
165
926
167
930
167
931
167
929
167
928
167
927
169
932
175
938
181
941
181
938
173
932
165
929
165
930
175
931
184
931
185
930
176
926
165
925
163
926
176
931
193
932
195
926
181
920
166
918
164
925
182
935
203
940
210
931
186
915
162
908
157
911
172
922
199
926
207
921
193
913
168
909
163
912
184
917
204
918
208
911
190
907
174
908
175
912
190
916
204
917
209
916
205
916
202
916
203
920
219
925
230
927
234
926
232
925
225
925
218
925
216
925
218
925
223
925
225
925
224
925
218
924
210
924
205
924
207
924
218
925
225
926
223
928
213
929
205
928
211
925
235
925
247
924
248
922
236
922
220
923
213
923
222
923
229
920
231
918
224
915
213
914
211
914
225
914
239
914
241
911
228
906
204
904
187
904
201
903
220
902
223
896
201
890
180
889
175
891
188
892
199
892
200
891
190
888
178
887
168
888
169
890
174
893
174
894
168
894
165
895
161
900
159
908
157
911
153
904
151
887
153
876
155
873
155
880
155
889
154
891
150
882
144
868
144
862
149
864
156
869
159
877
156
879
148
873
146
865
152
860
162
861
171
866
171
872
158
872
142
867
143
858
160
856
177
858
185
862
177
866
156
864
152
858
162
853
177
854
187
857
177
859
163
858
158
854
171
853
191
855
200
857
185
858
167
855
165
852
179
851
189
851
186
851
166
850
155
847
163
844
186
844
202
844
196
847
179
849
166
847
170
847
185
847
194
847
190
851
172
857
155
860
160
859
181
858
194
859
190
864
163
868
148
869
152
868
171
867
184
868
180
873
162
876
154
875
171
874
198
874
203
877
183
883
162
885
157
882
180
881
192
882
193
886
177
892
163
894
168
893
187
893
199
895
191
899
173
902
164
902
180
900
206
900
215
903
201
907
183
910
178
910
197
910
218
913
230
914
229
918
219
920
221
922
234
925
245
925
247
922
237
920
233
920
233
920
240
920
248
920
248
916
239
911
230
908
232
910
245
912
252
913
250
908
236
906
225
907
234
912
249
915
255
913
248
904
226
896
207
896
217
901
238
904
250
901
241
890
216
884
204
886
217
895
240
897
243
890
226
876
198
872
197
875
216
879
230
877
228
868
213
863
206
864
207
868
207
868
205
862
204
857
211
856
218
861
218
865
209
865
204
859
204
854
209
855
210
860
204
865
187
861
179
852
185
845
205
849
213
857
200
863
176
859
171
851
183
845
202
848
205
851
188
849
175
843
178
836
199
835
209
836
209
838
195
837
190
835
198
833
211
833
219
834
216
838
200
838
196
835
208
832
225
831
230
833
225
838
208
839
204
837
214
836
217
836
227
837
228
843
213
847
200
848
204
846
220
846
229
847
221
850
204
851
197
851
211
850
225
850
227
853
218
856
207
856
209
856
220
857
225
858
219
860
212
862
213
862
221
863
226
865
221
867
217
867
222
869
228
870
227
872
225
874
224
876
228
878
231
880
230
881
229
881
232
882
239
884
237
888
233
889
235
890
240
892
240
895
240
897
240
899
243
902
246
905
246
908
247
911
250
913
252
913
255
915
257
916
259
917
261
919
264
918
264
916
264
911
259
908
255
907
258
907
270
908
275
908
268
906
258
905
255
906
263
908
270
908
270
903
263
896
257
896
257
902
264
904
266
897
259
886
250
879
246
884
250
891
255
889
254
878
246
867
239
867
240
872
244
875
246
872
244
863
239
859
237
863
237
867
238
863
237
853
232
849
232
852
234
855
234
852
233
844
231
836
230
834
230
833
230
831
229
825
227
820
225
817
224
817
223
817
222
817
221
818
221
820
222
823
222
827
221
829
221
829
225
829
229
829
231
828
233
826
234
823
234
821
235
820
236
819
237
818
237
817
237
816
237
818
237
823
237
828
237
834
237
837
237
840
237
843
238
845
239
847
239
849
241
852
242
854
243
857
244
860
246
863
246
868
248
870
249
872
250
875
251
878
251
881
253
884
255
888
257
890
259
893
262
896
264
897
265
900
268
903
271
906
273
907
274
908
277
911
281
912
282
911
282
903
283
895
282
890
279
886
276
882
273
879
271
876
267
873
265
870
262
867
260
863
256
859
254
855
252
849
251
843
250
837
249
833
249
827
249
822
249
818
248
814
248
809
246
806
244
805
244
803
243
804
242
808
241
817
241
826
241
835
242
844
243
849
244
856
246
860
248
864
250
866
251
870
254
873
256
875
258
878
258
882
260
884
260
889
261
893
263
895
265
897
268
897
269
899
271
901
272
900
272
888
270
884
268
880
266
879
264
879
263
879
261
883
261
886
261
888
261
889
261
888
259
884
256
877
247
871
241
866
237
864
234
863
231
864
231
872
233
875
235
877
236
END
255
255
255
0
13
911
230
910
231
908
235
906
241
906
247
907
252
909
261
911
266
911
270
910
273
907
274
906
275
903
276
902
277
901
279
901
280
901
281
END
255
255
255
0
13
901
282
901
283
901
285
901
286
902
287
905
288
907
289
908
290
909
290
909
292
909
293
909
294
907
294
903
291
899
286
894
283
END
255
255
255
0
13
517
276
517
275
516
276
513
281
510
285
508
288
507
290
507
292
506
294
506
298
505
299
505
303
504
308
503
313
501
318
501
322
500
326
500
328
499
331
499
336
498
340
497
343
496
347
495
349
493
352
492
355
490
359
488
361
487
364
485
367
484
369
483
372
481
375
479
381
477
386
475
390
473
393
473
395
472
397
471
401
470
405
467
413
465
421
463
427
460
435
459
441
458
447
457
450
456
453
456
456
456
459
456
465
456
471
456
477
456
480
456
482
456
484
457
487
457
488
458
491
459
496
461
500
463
504
465
508
468
511
471
517
475
523
478
527
482
533
485
538
488
541
491
545
493
548
496
553
499
557
501
560
504
562
506
565
509
568
513
571
517
575
520
578
526
581
534
583
541
586
551
588
556
589
562
591
567
593
572
594
577
595
582
596
588
597
594
597
600
599
604
600
609
600
612
601
616
602
619
603
623
605
628
607
633
609
637
610
643
612
651
614
659
615
669
615
680
615
693
616
705
617
715
617
722
618
732
619
738
620
744
621
751
621
757
620
768
618
782
615
798
614
814
614
828
616
840
617
848
616
854
615
860
613
867
610
873
608
878
606
882
603
885
601
888
600
894
597
898
596
904
594
910
591
916
587
920
584
925
580
928
578
933
574
936
570
939
567
942
563
945
558
948
553
951
548
954
542
956
538
958
534
960
529
961
526
963
522
964
518
965
514
966
511
968
506
969
501
970
496
971
491
971
488
971
485
971
482
972
479
972
477
972
474
971
471
971
468
969
464
968
460
965
456
961
450
959
445
955
441
953
437
952
433
949
428
948
423
946
420
945
416
943
410
942
405
940
399
939
392
938
388
936
381
935
377
933
374
932
369
931
366
930
363
927
357
925
354
923
350
922
348
920
342
919
336
918
332
918
328
918
324
918
320
917
317
916
312
915
309
914
305
913
298
913
295
913
293
912
290
912
289
911
287
909
287
END
255
255
255
0
13
523
464
523
463
520
462
517
465
516
473
517
479
522
479
525
469
523
459
517
457
511
468
510
486
517
498
525
495
531
476
528
459
517
457
509
468
510
484
518
494
528
487
531
463
525
450
513
453
505
472
508
491
518
498
530
484
532
461
521
450
507
465
504
485
512
500
523
499
536
477
535
452
522
449
509
465
510
489
523
506
541
501
547
477
538
462
523
465
514
492
521
512
533
515
547
486
542
463
525
465
514
486
519
514
539
519
557
493
557
468
540
461
522
475
518
493
528
512
546
506
551
477
536
458
520
468
515
495
525
515
544
509
555
479
546
461
528
469
520
492
529
508
547
500
557
473
548
458
531
470
526
492
535
507
550
498
553
467
542
452
529
468
527
492
536
502
546
482
546
456
537
455
527
477
529
498
541
499
550
472
544
453
527
464
518
488
522
501
528
485
526
467
517
473
512
495
517
510
528
504
533
480
521
469
507
480
507
502
517
513
527
496
525
468
512
464
504
487
511
511
526
506
534
470
523
447
503
462
497
496
508
513
523
492
525
452
514
446
503
477
512
509
526
503
532
468
522
450
510
471
510
502
523
513
540
488
542
451
527
455
516
485
523
510
544
506
558
469
543
436
522
455
517
486
531
506
550
492
555
452
538
435
520
466
522
510
544
525
562
491
556
442
530
439
514
475
519
508
542
513
562
474
547
450
522
462
513
492
527
518
554
499
559
456
541
436
520
453
512
481
517
504
530
506
544
484
548
455
541
434
528
424
520
424
512
439
510
453
511
464
517
468
524
465
530
456
532
442
529
433
523
434
514
447
511
461
512
468
519
465
525
446
523
432
512
437
500
460
501
476
510
475
517
451
517
430
503
441
496
467
500
486
510
484
517
459
513
440
501
456
497
484
502
500
512
494
516
469
510
459
499
480
500
507
508
520
516
504
514
478
500
478
496
504
503
526
514
523
521
500
518
492
514
510
517
529
523
525
529
500
525
499
523
520
526
534
533
521
540
497
538
494
539
515
546
521
554
502
557
483
555
489
559
512
565
510
568
486
568
471
567
486
570
502
573
497
568
471
564
465
565
478
568
484
568
471
562
451
558
446
559
454
561
454
557
441
553
434
549
436
548
437
542
436
539
434
535
430
535
427
538
427
546
430
557
437
564
446
570
454
573
461
575
466
576
471
577
476
576
481
574
488
573
493
570
498
568
504
568
509
567
513
566
517
565
520
562
524
559
527
555
530
552
532
548
534
542
536
538
537
534
537
529
537
525
536
521
534
518
531
515
528
512
525
510
521
508
517
505
510
502
507
499
503
495
497
492
493
489
486
488
480
488
476
488
471
488
468
488
463
489
459
490
453
492
448
495
445
499
440
500
437
502
433
504
431
506
428
510
423
514
422
518
420
522
420
529
427
533
439
537
450
542
460
546
471
549
482
552
493
554
501
556
511
559
518
560
523
561
526
564
527
564
526
558
526
552
525
545
523
541
525
541
527
540
528
542
528
546
522
547
519
542
522
537
528
535
531
532
533
END
255
255
0
0
13
909
444
908
444
905
444
902
444
897
444
894
444
887
446
882
447
876
447
873
448
871
449
867
452
864
455
860
458
855
462
853
464
852
465
849
467
849
469
847
472
846
475
845
479
844
483
842
487
841
492
840
496
839
502
839
507
838
512
838
518
838
525
839
530
840
536
842
541
844
547
847
552
849
556
851
558
854
561
855
562
858
564
860
565
863
566
867
566
869
567
871
567
873
567
875
567
878
567
880
567
883
567
886
567
889
566
893
565
897
564
900
562
903
561
907
559
910
557
912
555
914
552
917
550
919
548
921
544
923
542
925
538
926
535
928
531
929
527
930
523
931
519
931
513
931
509
931
503
931
499
930
495
929
491
927
487
926
483
925
477
924
474
923
471
921
468
920
464
918
461
916
457
915
456
913
453
911
453
909
451
906
448
904
447
902
446
898
441
895
440
END
255
255
0
0
13
899
450
899
451
900
451
899
451
894
452
891
453
888
454
885
456
883
458
881
458
879
458
878
458
877
459
875
459
873
461
872
461
872
462
869
466
868
467
867
468
866
469
864
471
861
474
860
476
858
478
858
479
858
480
857
482
856
485
855
489
854
492
853
495
853
496
851
499
851
501
850
505
850
509
849
513
849
516
849
519
849
524
849
530
850
534
850
535
851
538
852
541
853
544
854
546
856
551
858
553
860
555
862
555
863
555
866
555
867
555
869
555
871
555
873
555
875
555
877
555
879
556
882
557
884
557
886
558
888
558
890
558
892
557
895
557
897
555
900
554
901
552
903
551
905
550
907
548
908
547
911
544
914
540
917
537
918
533
919
530
919
526
919
524
920
520
920
518
920
514
919
510
918
506
917
501
917
497
916
492
916
489
916
485
915
482
914
479
913
476
912
473
910
470
909
468
907
467
906
465
903
462
902
460
901
457
902
457
910
460
913
466
916
471
918
475
919
479
921
484
922
487
923
491
924
495
924
498
924
500
924
501
END
255
255
0
0
13
885
487
885
486
885
485
885
484
884
472
884
473
884
477
884
476
881
474
878
478
876
482
876
481
880
473
886
468
889
468
890
474
892
473
895
466
896
465
898
470
901
474
902
476
902
482
904
483
905
480
905
490
907
502
907
495
907
490
907
504
908
519
907
521
907
522
906
531
906
536
906
532
905
532
896
509
893
498
893
527
893
546
891
532
888
501
887
507
889
538
889
542
885
518
884
499
883
523
881
540
876
522
873
497
873
518
874
544
874
538
873
531
END
255
255
0
0
21
869
488
869
491
869
521
870
538
867
514
864
501
863
520
864
539
862
530
859
507
859
520
859
541
859
542
858
530
858
535
859
546
END
255
255
0
0
21
644
292
643
292
639
292
636
293
634
294
633
295
631
297
629
300
627
302
626
303
625
303
623
305
622
306
620
307
618
309
616
311
615
312
614
313
611
317
608
318
605
320
604
321
603
322
603
324
601
326
600
329
600
332
599
333
599
336
598
340
598
343
598
346
598
349
600
351
602
355
605
357
608
359
611
361
614
363
617
366
620
367
623
369
626
371
628
372
629
373
632
375
634
375
636
376
639
376
640
376
644
376
650
375
654
373
659
372
666
370
667
369
672
367
675
364
679
361
682
357
683
352
684
345
684
338
683
330
682
325
680
319
676
312
673
308
670
304
666
300
660
296
656
295
652
294
649
294
647
294
646
294
645
294
644
294
END
255
0
0
0
15
837
299
837
300
836
300
835
300
833
300
829
300
826
300
825
300
823
300
820
300
817
300
814
301
811
301
806
301
802
301
798
302
795
304
791
306
786
309
783
311
779
315
774
319
770
323
768
326
767
330
766
333
765
336
765
339
765
343
765
348
766
350
769
354
772
357
775
359
777
360
780
361
782
363
785
364
789
366
792
368
795
369
799
371
802
372
805
373
808
375
813
375
819
376
823
376
829
376
832
375
837
371
840
367
844
363
846
358
848
353
849
346
849
341
849
336
849
331
849
327
849
323
849
318
849
314
848
311
847
308
844
306
840
305
839
305
END
255
0
0
0
15
840
340
841
340
840
340
837
340
836
340
833
340
830
342
828
343
826
343
825
344
822
345
820
346
818
348
816
349
814
351
813
353
812
356
810
358
810
359
809
360
808
361
807
361
806
361
806
362
804
362
803
362
802
362
800
361
797
360
793
358
790
357
787
356
785
354
782
351
781
349
779
348
777
345
775
344
773
342
773
337
773
334
774
333
775
329
778
327
781
324
785
322
788
321
790
320
792
319
796
318
800
315
802
314
805
312
808
309
811
309
812
308
814
308
816
307
819
307
824
307
828
307
831
308
833
309
834
309
834
312
835
314
836
317
837
322
837
324
837
326
837
325
837
319
837
317
836
326
835
330
833
326
830
319
826
329
824
330
823
320
821
319
820
328
820
327
818
319
816
323
814
330
812
325
809
317
805
324
802
333
801
330
801
322
799
322
798
324
797
324
795
325
793
328
791
334
788
337
787
339
786
344
786
348
788
350
788
349
784
340
782
334
782
339
785
349
790
353
793
353
795
350
795
346
796
347
798
350
799
350
800
350
801
350
802
350
802
351
END
255
0
0
0
15
659
303
658
303
656
306
END
255
0
0
0
15
677
353
676
353
675
353
674
352
673
351
672
349
670
348
669
348
666
347
664
346
663
346
662
346
660
346
659
346
657
347
656
347
654
348
653
349
653
350
652
352
651
353
651
355
650
359
649
362
649
364
648
367
648
369
648
370
647
370
646
369
646
368
643
367
640
365
639
364
638
364
637
363
637
362
636
361
634
360
633
359
632
358
631
357
630
356
630
355
628
354
627
353
627
352
626
351
626
350
626
347
626
345
626
342
626
339
627
338
627
335
628
333
629
331
631
329
634
327
638
327
642
327
646
329
649
333
652
336
653
338
654
339
654
340
656
341
657
341
661
341
664
339
667
337
670
335
674
332
675
326
675
321
675
327
676
336
676
335
676
326
676
327
676
332
677
330
677
326
677
335
677
336
674
329
668
324
664
325
663
330
662
331
660
323
659
320
658
329
658
332
658
315
658
309
657
321
657
324
657
313
657
309
657
316
657
312
661
305
663
311
667
318
668
313
669
310
668
310
658
311
651
310
646
309
645
309
644
309
644
310
644
305
644
302
642
307
639
316
637
319
636
315
634
314
633
321
633
321
633
316
631
321
628
330
627
332
626
330
625
331
623
332
622
334
621
345
621
349
619
339
619
340
619
351
619
354
617
344
617
347
617
354
616
351
615
350
END
255
0
0
0
15
613
341
613
342
613
345
613
345
END
255
0
0
0
15
612
335
612
336
615
345
616
333
617
325
617
325
617
329
617
327
617
325
END
255
0
0
0
15
617
315
618
319
618
321
621
312
622
305
625
303
628
303
631
303
633
308
634
311
634
312
634
311
637
308
640
307
642
311
645
314
650
315
652
315
655
316
656
316
END
255
0
0
0
15
721
443
721
442
718
447
717
449
716
449
716
447
716
445
715
448
713
454
712
455
711
464
716
459
724
457
727
457
726
456
723
450
720
445
718
444
719
444
723
448
726
452
726
451
719
450
717
457
715
457
716
455
719
454
720
453
716
450
715
451
717
455
721
455
722
451
723
450
725
455
725
456
725
454
END
255
0
0
0
5
718
459
718
460
718
471
END
255
0
0
0
5
718
463
718
462
718
470
718
474
END
255
0
0
0
5
718
461
718
460
715
473
712
479
END
255
0
0
0
5
713
476
713
477
711
487
END
255
0
0
0
5
712
477
712
478
709
485
709
486
707
488
706
488
703
490
701
491
698
493
695
495
693
497
692
498
688
501
684
503
680
506
675
506
669
505
663
501
657
498
653
495
647
490
643
486
637
482
633
479
632
478
END
255
0
0
0
5
711
481
712
481
713
482
714
484
715
486
718
490
720
493
722
496
725
499
729
503
732
504
735
505
739
505
743
505
747
503
752
499
757
493
762
489
768
484
774
480
777
478
END
255
0
0
0
5
894
337
894
336
893
338
898
353
899
352
893
324
892
315
900
347
907
366
901
341
894
311
896
315
901
339
901
341
END
255
255
255
0
5
744
302
743
301
740
298
740
299
740
313
737
314
735
297
734
282
732
303
732
320
731
303
729
277
727
290
727
294
727
261
723
250
721
262
721
256
720
241
719
240
717
240
715
240
711
237
707
237
704
235
702
235
698
235
696
235
693
235
689
235
684
235
679
235
673
235
672
236
665
237
659
237
653
237
649
238
645
239
640
240
637
241
634
242
631
243
627
244
623
246
618
248
612
250
608
252
604
255
599
258
594
262
588
265
580
268
574
270
569
272
564
274
561
278
556
281
551
285
547
287
540
288
537
288
535
289
533
291
532
293
529
296
528
299
528
301
528
305
527
314
526
320
526
323
526
322
530
313
541
302
548
299
554
300
557
303
559
307
560
311
560
317
561
320
561
322
562
323
563
323
564
323
566
320
571
314
575
312
578
312
581
312
582
312
582
311
583
309
583
307
585
304
587
300
587
299
588
294
589
292
592
291
595
290
599
289
604
288
606
285
608
283
610
281
610
280
611
278
613
277
616
276
618
274
621
273
625
272
631
272
635
271
639
269
642
268
646
267
650
267
654
267
658
267
663
267
671
267
677
268
680
268
681
268
682
268
683
268
690
268
697
264
703
260
706
256
709
251
713
245
714
241
715
238
716
236
718
233
721
232
722
231
722
230
722
229
723
230
728
233
733
234
737
234
742
235
744
235
748
236
754
238
760
240
763
241
765
241
768
243
773
244
779
246
785
248
797
250
806
251
811
251
815
253
817
253
820
255
825
258
831
261
838
266
844
271
851
273
855
274
858
276
861
279
865
282
870
287
873
290
875
292
879
296
883
298
888
301
894
305
898
307
902
310
903
313
904
317
906
323
908
329
913
336
918
341
922
348
925
355
925
361
925
368
925
373
925
377
924
379
923
380
921
380
916
374
910
364
902
355
894
346
889
340
883
334
877
329
875
325
873
322
872
319
871
315
870
313
868
307
867
303
866
298
865
294
861
291
858
288
854
286
848
284
844
282
841
282
837
280
833
279
829
277
826
275
822
274
818
274
813
274
807
274
801
274
793
274
787
274
782
274
780
275
776
277
772
281
769
286
765
291
762
297
760
301
757
306
756
312
754
316
752
323
750
326
749
332
748
336
747
342
744
345
743
347
742
349
742
353
741
358
741
362
739
362
734
353
728
344
722
336
721
333
720
330
718
325
717
322
716
319
715
314
712
310
707
305
704
303
702
302
700
300
698
298
695
297
693
295
691
294
690
293
688
291
686
290
684
289
680
286
675
283
672
282
670
281
671
281
678
281
690
280
705
276
716
271
726
264
732
262
736
262
739
261
742
261
744
263
748
264
750
264
751
264
751
265
745
279
735
292
730
298
727
301
726
301
724
302
722
303
720
306
718
307
717
307
715
310
714
312
714
313
713
318
712
322
712
324
712
327
711
327
710
327
708
322
706
320
706
318
706
315
706
314
706
315
707
320
709
326
710
329
710
333
710
336
710
338
710
342
709
344
709
345
709
347
708
351
707
355
706
357
706
359
706
362
705
365
705
367
705
370
705
373
704
377
703
381
701
386
698
388
696
391
691
393
687
394
684
395
680
396
677
398
675
398
676
398
682
395
692
391
696
387
698
385
698
381
698
378
698
379
697
383
695
385
692
388
690
388
688
389
686
390
683
391
680
392
675
393
673
394
672
394
671
395
668
396
664
396
662
398
659
400
653
403
649
405
645
405
642
406
641
406
640
406
639
406
636
406
635
406
633
404
632
404
631
404
630
403
629
403
627
402
623
399
621
398
618
395
617
393
613
392
611
390
608
389
605
388
603
386
600
385
599
384
597
383
594
381
590
379
586
377
584
375
583
373
582
371
581
369
580
366
580
365
576
362
574
358
572
352
571
349
570
345
570
342
568
336
567
332
567
328
568
322
570
319
570
318
570
319
565
333
561
343
558
343
551
334
546
331
541
338
540
340
537
338
530
334
526
336
523
339
522
341
520
342
517
342
516
342
516
343
515
348
515
354
514
358
513
362
512
365
511
370
509
373
508
376
506
383
503
390
501
395
501
396
501
397
501
398
499
400
497
404
496
410
496
413
496
412
498
407
501
397
505
390
507
384
510
381
513
377
517
374
520
372
524
370
528
369
533
369
540
368
549
368
558
369
564
372
568
373
574
377
580
381
585
385
592
389
594
393
599
398
604
406
610
414
613
422
613
423
613
424
612
424
605
423
595
419
588
414
583
410
578
406
571
404
564
402
556
401
549
399
545
396
541
394
537
392
531
390
526
390
524
391
523
392
523
396
523
397
523
398
524
399
526
399
529
400
531
401
534
402
539
403
541
403
544
403
547
404
551
404
552
405
554
405
558
406
560
407
562
408
565
410
569
412
572
414
575
416
577
418
580
420
581
422
582
424
583
425
585
427
588
431
591
435
593
438
595
441
596
443
597
445
599
448
600
451
600
454
601
457
601
462
601
464
601
468
601
469
601
472
601
475
601
478
601
481
601
486
601
492
600
498
600
504
599
507
598
513
598
517
597
526
597
530
596
534
596
537
595
537
593
542
590
547
587
551
583
556
577
563
572
568
567
572
562
573
554
574
548
574
543
574
539
574
536
573
533
571
531
567
532
567
535
567
540
563
545
559
551
556
556
555
557
555
561
552
564
550
566
549
567
547
568
547
569
546
570
544
572
542
575
537
577
533
580
530
582
526
582
525
584
522
587
516
589
511
591
507
593
501
593
497
594
492
595
485
595
479
595
475
597
469
597
464
597
459
597
451
597
443
595
439
592
434
588
431
584
427
581
423
578
420
573
417
567
414
561
411
553
408
546
406
538
405
529
404
524
404
519
404
515
404
512
405
510
405
507
405
505
405
502
407
500
410
496
414
494
418
491
420
488
421
486
422
485
423
483
423
483
424
481
425
480
426
479
429
478
433
477
437
476
440
475
444
474
447
473
450
472
451
471
455
470
459
470
462
470
465
470
470
470
473
470
475
471
478
472
481
472
484
474
489
474
493
475
496
476
500
477
505
477
509
478
512
480
516
483
523
486
529
488
535
494
542
497
547
501
551
504
553
509
555
513
556
519
558
524
558
532
558
543
558
553
558
563
561
570
563
576
565
581
565
584
567
588
570
593
572
598
576
604
578
608
579
612
580
617
581
622
582
628
583
634
584
641
584
649
584
657
585
666
587
674
590
680
592
685
594
690
597
699
598
707
599
715
600
721
600
729
600
736
600
743
600
751
599
757
600
757
602
END
255
255
255
0
38
585
578
585
577
597
577
609
581
620
584
630
585
637
585
645
585
650
586
656
589
666
593
684
597
698
598
699
598
END
255
255
255
0
38
596
548
596
547
600
547
611
547
623
548
633
551
642
554
651
558
663
561
673
564
686
566
697
567
707
568
723
568
737
568
749
570
761
572
772
575
771
575
END
255
255
255
0
38
604
499
605
499
609
499
615
505
622
511
628
518
632
523
637
527
643
531
651
534
658
537
667
539
674
541
685
542
693
544
701
546
707
546
715
547
722
548
729
548
739
547
749
545
756
543
765
543
775
544
781
545
784
549
785
558
785
567
785
573
785
580
786
585
789
591
789
593
790
593
793
594
798
594
807
594
814
594
820
594
825
594
830
594
836
596
840
596
844
596
848
596
852
596
855
596
859
597
859
597
853
597
847
595
841
591
836
587
831
583
828
580
826
575
826
573
825
572
822
569
819
566
816
561
814
554
812
546
810
540
809
533
809
527
808
521
808
517
808
513
808
510
808
507
808
503
808
500
809
493
810
487
811
484
812
480
812
478
813
475
814
472
814
469
816
466
818
462
818
460
820
457
823
449
826
446
828
442
831
437
835
434
838
430
841
428
845
426
849
423
854
421
857
420
861
418
865
416
868
415
873
414
878
413
883
411
888
411
892
410
897
410
903
410
906
412
911
414
916
417
919
419
921
421
924
423
928
428
932
432
936
438
938
442
940
446
942
452
945
458
948
463
950
467
953
471
955
474
956
476
957
481
959
486
959
489
960
497
960
502
960
508
960
511
960
517
958
523
957
527
954
531
951
537
947
541
945
543
941
548
936
555
932
560
931
564
928
567
923
571
919
574
913
577
907
579
901
583
893
586
884
589
876
590
869
590
862
590
857
589
851
588
848
587
841
585
837
584
834
581
831
578
826
573
825
570
822
566
820
560
819
552
819
543
819
536
819
527
819
522
819
514
819
507
819
498
819
489
819
480
820
470
823
461
828
451
833
446
837
437
844
430
852
426
860
422
867
420
873
415
877
408
879
397
879
384
879
375
879
366
879
363
879
358
879
353
878
349
878
348
876
347
874
347
873
347
872
343
869
339
867
337
867
338
867
343
869
350
870
356
871
363
871
369
871
377
871
382
869
386
865
389
861
391
856
393
854
395
850
398
846
401
841
404
837
405
834
407
827
407
822
407
815
407
809
407
804
407
800
407
794
405
788
403
780
399
774
396
768
393
765
391
759
387
756
383
754
381
751
378
750
378
750
377
748
375
745
374
740
404
732
483
732
488
731
423
728
457
723
524
713
445
712
417
END
255
255
255
0
38
703
437
697
525
694
449
694
420
END
255
255
255
0
38
690
408
688
416
678
509
668
494
655
442
641
484
637
472
637
405
633
466
630
486
628
457
END
255
255
255
0
38
629
447
631
483
632
488
639
443
650
444
668
508
674
476
677
399
668
475
657
531
649
450
649
444
655
505
663
450
664
438
END
255
255
255
0
38
671
438
663
527
676
484
690
437
END
255
255
255
0
38
709
391
712
439
716
445
723
384
726
440
727
470
728
384
726
391
722
426
722
406
726
432
733
500
738
492
752
415
751
474
751
512
758
435
762
468
766
538
772
467
779
432
END
255
255
255
0
38
784
430
784
439
770
525
777
478
795
426
785
498
785
477
800
427
793
498
794
493
798
472
END
255
255
255
0
38
803
453
804
455
END
255
255
255
0
38
896
386
895
386
894
387
897
390
907
395
915
400
922
403
928
405
933
408
936
409
935
409
934
409
END
255
255
255
0
38
917
415
916
415
911
422
908
423
904
424
902
424
898
423
895
423
891
423
885
423
880
425
874
426
869
429
866
431
861
431
858
433
854
436
848
440
842
447
831
455
827
459
END
255
255
255
0
38
915
432
916
432
924
438
929
442
934
447
936
456
939
462
941
467
943
471
944
477
946
481
947
486
950
490
952
496
953
502
954
511
954
512
END
255
255
255
0
38
878
577
877
577
873
577
END
255
255
255
0
38
858
580
END
255
255
255
0
38
836
578
835
577
834
577
END
255
255
255
0
38
769
598
768
599
758
605
END
255
255
255
0
38
731
611
724
612
650
622
626
622
620
618
620
612
620
607
END
255
255
255
0
38
641
594
642
594
643
594
END
255
255
255
0
38
725
439
724
439
723
439
721
440
718
443
714
451
711
458
711
459
720
456
730
454
733
453
733
450
727
441
725
436
725
437
724
453
722
446
719
451
716
456
716
450
716
454
718
451
719
441
719
451
720
442
721
445
722
450
726
440
726
450
727
445
729
446
730
454
730
455
END
255
0
0
0
4
723
456
724
456
724
457
723
473
721
486
712
500
698
513
678
513
652
502
END
255
0
0
0
4
724
482
723
481
722
482
722
489
732
501
749
508
762
510
END
255
0
0
0
4
510
275
511
275
512
274
513
273
515
270
517
265
519
262
521
261
END
255
0
0
0
4
483
187
483
186
483
183
484
183
486
185
488
189
489
193
490
199
491
203
491
206
492
207
492
209
492
210
494
215
496
220
497
223
498
227
498
230
500
234
501
240
502
245
504
251
505
258
506
263
507
266
509
268
510
271
512
273
512
272
END
255
0
0
0
4
573
131
573
130
573
129
573
130
576
133
578
135
580
138
582
140
584
143
585
146
587
148
588
151
590
156
590
159
592
163
595
169
597
174
598
179
599
182
601
186
603
190
605
192
607
194
609
197
611
199
614
202
617
206
618
208
619
210
619
213
620
218
620
221
620
222
621
224
621
226
END
255
0
0
0
4
520
265
520
264
519
264
518
265
517
267
517
270
516
273
515
274
514
277
513
279
512
280
512
282
510
286
509
289
508
291
507
294
506
294
506
298
505
300
504
302
504
305
504
308
503
311
502
315
501
318
501
320
501
322
501
325
500
328
499
332
499
334
497
336
496
338
494
341
491
343
490
345
489
347
488
351
487
355
485
359
483
363
483
366
482
368
480
371
477
376
476
377
474
379
471
384
468
388
467
393
465
398
464
403
462
409
461
412
458
419
457
422
457
424
456
426
455
429
455
432
455
436
455
440
455
445
455
448
454
451
454
454
453
457
453
459
453
460
453
463
453
466
453
468
453
473
453
480
454
486
455
492
456
497
457
500
459
506
460
510
461
517
463
524
464
529
465
532
467
534
470
537
472
542
475
547
478
552
480
555
483
558
484
560
486
561
488
564
490
566
493
568
495
569
496
570
499
571
500
572
503
574
506
575
509
576
511
577
513
580
516
582
517
585
521
588
526
593
534
596
538
597
545
600
552
603
561
606
568
610
577
614
585
618
592
623
599
628
605
633
609
636
613
639
617
640
620
641
621
641
625
642
630
643
635
643
640
643
647
643
657
644
675
647
686
647
696
647
708
646
715
645
725
643
734
641
742
639
749
639
756
638
764
638
773
637
789
635
806
632
820
629
831
626
838
623
844
621
849
619
854
616
859
614
864
610
870
608
874
606
880
604
889
602
900
599
910
596
918
593
928
589
936
587
941
585
945
583
948
580
951
575
955
570
959
564
961
560
965
553
967
546
969
540
970
535
972
529
973
523
974
516
975
510
976
502
976
495
976
489
976
483
976
478
975
471
973
462
973
457
971
452
970
445
968
438
966
432
965
428
964
423
961
415
958
406
955
400
953
393
951
387
948
380
947
373
945
366
943
360
942
354
941
351
939
347
936
342
932
336
928
331
926
328
924
325
921
321
919
317
917
312
916
309
913
303
911
298
907
293
906
290
END
255
0
0
0
4
906
290
905
289
903
287
901
284
END
255
0
0
0
4
953
151
953
150
952
150
952
151
952
158
953
166
953
173
953
182
953
189
951
200
950
204
950
212
948
218
946
224
943
229
942
234
940
239
938
247
936
255
933
265
930
275
927
282
927
283
925
290
922
297
919
304
916
309
915
311
914
311
913
310
END
255
0
0
0
4
804
231
805
231
819
235
822
237
821
237
807
237
802
235
798
235
795
234
794
234
794
232
794
231
791
229
786
227
777
225
773
225
769
224
763
223
757
222
755
220
750
218
745
216
741
214
738
214
733
212
730
212
726
211
723
211
716
210
713
210
708
210
701
210
695
210
685
211
674
212
663
214
656
216
650
216
643
218
638
220
634
222
630
224
626
226
623
229
620
231
617
232
615
233
613
235
610
236
END
255
0
0
0
4
848
125
849
126
849
127
848
133
844
144
841
158
837
173
834
184
831
198
828
210
825
216
821
221
819
226
817
229
816
230
816
231
816
232
816
234
816
237
816
236
END
255
0
0
0
4
