D:\Documents\Dropbox\Coding\PaintProgram\source\Projects\Pre 4.4\Cube.txt
False
0
1
Layer 0
Line,Line,Line,Line,Line,Line,Line,Line,Line,Line,Line,Line,Line,Line,Line,Line,Line,Line,Line,Line,Line,Line,Line,Pen,Pen,Pen,Pen,Pen,Pen,Pen,Pen,Pen,Pen,Pen,Pen,Pen,Pen,Pen,Pen,Pen,Pen,Pen,Pen,Pen,Pen,Pen,Pen,Pen,Pen,Pen,Pen,Pen,Pen,Pen,Pen,Pen,Pen,Pen,Pen,Pen,Pen,Pen,Pen,Pen,Pen,Pen,Pen,Pen,Pen,Pen,Pen,Pen,Pen,Pen,Pen,Pen,Pen,Pen,Pen,Pen,Pen
4.571429
3.826446
2.636364
2.764179
255
0
0
0
1
4.560196
3.842324
4.560196
1.621716
255
0
0
0
1
2.643875
2.747774
2.643875
1.409437
255
0
0
0
1
4.560196
1.627416
2.628895
1.409437
255
0
0
0
1
4.560196
3.826446
3.178082
11.4321
255
0
0
0
1
3.178082
11.4321
2.168224
6.052288
255
0
0
0
1
2.168224
6.052288
2.651428
2.789157
255
0
0
0
1
2.17076
5.898089
2.17076
2.035165
255
0
0
0
1
2.17585
2.035165
2.640114
1.409437
255
0
0
0
1
3.757085
3.42963
3.757085
1.553691
255
0
0
0
1
3.083056
3.036066
3.083056
1.476874
255
0
0
0
1
3.757085
3.42963
2.816388
8.903846
255
0
0
0
1
3.077944
3.036066
2.481283
7.408
255
0
0
0
1
3.92389
5.116022
2.448549
3.442379
255
0
0
0
1
3.424354
7.652893
2.30273
4.409524
255
0
0
0
1
4.560196
2.755952
2.643875
2.220623
255
0
0
0
1
4.560196
1.987124
2.640114
1.686703
255
0
0
0
1
2.636364
2.225961
2.165694
3.674603
255
0
0
0
1
2.640114
1.686703
2.173302
2.469333
255
0
0
0
1
2.461539
3.442379
2.461539
1.57483
255
0
0
0
1
2.30559
4.367925
2.30559
1.770555
255
0
0
0
1
2.946032
5.511905
2.83792
4.171171
255
255
255
255
1
3.178082
4.797927
2.757801
4.676768
255
255
255
255
1
3.689861
2.469333
3.632094
2.430446
3.596899
2.374359
3.535238
2.344304
3.501887
2.292079
3.462687
2.236715
3.424354
2.189125
3.374545
2.148492
3.332136
2.109339
END
255
0
128
0
10
3.617934
2.344304
3.617934
2.338384
3.610895
2.332494
3.610895
2.326633
3.610895
2.320802
3.610895
2.315
3.603884
2.315
3.603884
2.309227
3.603884
2.303483
3.603884
2.297767
3.603884
2.292079
3.603884
2.28642
3.596899
2.28642
3.596899
2.280788
3.596899
2.275184
3.589942
2.269608
3.589942
2.264059
3.589942
2.258537
3.589942
2.253041
3.589942
2.247573
3.583012
2.247573
3.56238
2.242131
3.56238
2.236715
3.56238
2.231325
3.56238
2.225961
3.56238
2.220623
3.56238
2.215311
3.56238
2.210024
3.548757
2.210024
3.548757
2.204762
3.541985
2.199525
3.541985
2.194313
3.541985
2.189125
3.541985
2.183962
3.541985
2.178823
3.541985
2.173709
3.541985
2.163551
3.541985
2.158508
3.541985
2.153488
3.541985
2.148492
3.541985
2.143518
3.548757
2.138568
3.548757
2.133641
3.548757
2.128736
3.548757
2.123853
3.548757
2.118993
3.548757
2.114155
3.548757
2.109339
3.548757
2.104545
3.555556
2.104545
3.555556
2.099773
3.555556
2.090293
3.555556
2.085586
3.555556
2.080899
3.555556
2.076233
3.555556
2.071588
3.555556
2.066964
3.56238
2.062361
3.56238
2.057778
3.56238
2.053215
3.56238
2.048673
3.56238
2.04415
3.56238
2.039648
3.56238
2.035165
3.56238
2.030702
3.569231
2.026258
3.569231
2.021834
3.569231
2.017429
3.569231
2.013043
3.56238
2.008677
3.56238
2.004329
3.56238
2
3.555556
2
3.555556
1.99569
3.548757
1.99569
3.548757
1.982869
3.541985
1.982869
3.541985
1.978632
3.535238
1.978632
3.535238
1.974414
3.528517
1.970213
3.521822
1.970213
3.521822
1.96603
3.521822
1.961864
3.521822
1.957717
3.515152
1.957717
3.508507
1.953586
3.501887
1.949474
3.501887
1.945378
3.495292
1.9413
3.488722
1.937238
3.482176
1.933194
3.475655
1.933194
3.469159
1.925156
3.462687
1.925156
3.462687
1.921162
3.449814
1.917184
3.443414
1.909278
3.437037
1.90535
3.430684
1.90535
3.424354
1.897541
3.411765
1.893661
3.405505
1.893661
3.399267
1.889796
3.386861
1.885947
3.380692
1.885947
3.368421
1.882114
3.368421
1.878296
3.368421
1.874494
3.362319
1.874494
3.356239
1.874494
3.35018
1.870707
3.35018
1.866935
3.344144
1.866935
3.33813
1.866935
3.332136
1.866935
3.332136
1.863179
3.326165
1.863179
3.320215
1.863179
3.314286
1.863179
3.314286
1.859438
3.302491
1.859438
3.296625
1.859438
3.296625
1.855711
3.284956
1.855711
3.279152
1.852
3.273369
1.852
3.267606
1.852
3.25614
1.848303
3.244755
1.848303
3.244755
1.844622
3.239093
1.844622
3.233449
1.844622
3.227826
1.844622
3.222222
1.844622
3.216638
1.844622
3.211073
1.844622
3.211073
1.848303
3.205527
1.852
3.2
1.852
3.2
1.855711
3.194492
1.855711
3.194492
1.859438
3.194492
1.863179
3.194492
1.866935
3.194492
1.870707
3.194492
1.874494
3.194492
1.878296
3.194492
1.882114
3.189003
1.885947
3.189003
1.889796
3.189003
1.893661
3.189003
1.897541
3.189003
1.901437
3.189003
1.909278
3.189003
1.913223
3.189003
1.917184
3.189003
1.921162
3.189003
1.925156
3.189003
1.929167
3.189003
1.933194
3.189003
1.937238
3.189003
1.9413
3.189003
1.945378
3.189003
1.949474
3.189003
1.953586
3.189003
1.957717
3.189003
1.961864
3.189003
1.970213
3.189003
1.974414
3.189003
1.978632
3.189003
1.982869
3.189003
1.987124
3.189003
1.991398
3.189003
1.99569
3.189003
2
3.189003
2.004329
3.189003
2.008677
3.189003
2.017429
3.189003
2.021834
3.189003
2.030702
3.189003
2.035165
3.189003
2.039648
3.183533
2.048673
3.178082
2.048673
3.178082
2.053215
3.178082
2.057778
3.178082
2.062361
3.178082
2.066964
3.178082
2.071588
3.178082
2.076233
3.17265
2.085586
3.17265
2.090293
3.17265
2.095023
3.17265
2.104545
3.167236
2.104545
3.167236
2.109339
3.167236
2.118993
3.16184
2.118993
3.16184
2.133641
3.16184
2.138568
3.16184
2.143518
3.16184
2.148492
3.16184
2.153488
3.16184
2.158508
3.16184
2.163551
3.16184
2.173709
3.16184
2.178823
3.16184
2.183962
3.16184
2.194313
3.16184
2.204762
3.16184
2.210024
3.16184
2.215311
3.156463
2.225961
3.151103
2.231325
3.151103
2.242131
3.151103
2.247573
3.151103
2.253041
3.151103
2.258537
3.151103
2.264059
3.151103
2.269608
3.151103
2.275184
3.145763
2.280788
3.145763
2.292079
3.145763
2.297767
3.145763
2.303483
3.145763
2.309227
3.145763
2.315
3.145763
2.320802
3.145763
2.326633
3.151103
2.326633
3.156463
2.326633
3.16184
2.326633
3.178082
2.326633
3.194492
2.332494
3.2
2.332494
3.216638
2.332494
3.233449
2.332494
3.244755
2.332494
3.261863
2.332494
3.279152
2.332494
3.296625
2.332494
3.320215
2.332494
3.33813
2.332494
3.356239
2.332494
3.368421
2.332494
3.386861
2.332494
3.393053
2.332494
3.399267
2.332494
3.405505
2.332494
3.405505
2.338384
3.411765
2.338384
3.418048
2.338384
3.418048
2.344304
3.424354
2.344304
3.430684
2.344304
3.437037
2.350254
3.443414
2.350254
3.456238
2.356234
3.456238
2.362245
3.462687
2.362245
3.469159
2.362245
3.482176
2.362245
3.488722
2.368286
3.495292
2.368286
3.508507
2.368286
3.521822
2.374359
3.528517
2.374359
3.535238
2.380463
3.541985
2.380463
3.548757
2.380463
3.555556
2.386598
3.56238
2.386598
3.569231
2.386598
3.576108
2.386598
3.583012
2.392765
3.589942
2.398964
3.596899
2.392765
3.603884
2.392765
3.617934
2.392765
3.625
2.386598
3.632094
2.380463
3.646365
2.380463
3.646365
2.374359
3.639216
2.368286
3.639216
2.350254
3.646365
2.326633
3.646365
2.309227
3.660749
2.292079
3.675247
2.275184
3.675247
2.258537
3.68254
2.258537
3.68254
2.253041
3.68254
2.247573
3.675247
2.247573
3.667984
2.247573
3.646365
2.247573
3.632094
2.253041
3.625
2.258537
3.596899
2.275184
3.583012
2.280788
3.583012
2.28642
3.56238
2.292079
3.548757
2.303483
3.535238
2.315
3.521822
2.332494
3.508507
2.338384
3.501887
2.344304
3.501887
2.350254
3.495292
2.350254
3.501887
2.344304
3.508507
2.332494
3.521822
2.326633
3.535238
2.309227
3.548757
2.292079
3.569231
2.269608
3.583012
2.247573
3.610895
2.220623
3.625
2.204762
3.646365
2.178823
3.646365
2.158508
3.653543
2.148492
3.660749
2.133641
3.667984
2.128736
3.667984
2.123853
3.667984
2.118993
3.660749
2.118993
3.646365
2.128736
3.632094
2.138568
3.617934
2.148492
3.589942
2.148492
3.576108
2.163551
3.56238
2.178823
3.528517
2.194313
3.515152
2.204762
3.495292
2.215311
3.495292
2.220623
3.482176
2.225961
3.462687
2.242131
3.449814
2.258537
3.443414
2.258537
3.430684
2.275184
3.424354
2.28642
3.418048
2.292079
3.411765
2.303483
3.405505
2.303483
3.405505
2.297767
3.418048
2.28642
3.443414
2.236715
3.449814
2.231325
3.482176
2.183962
3.521822
2.133641
3.548757
2.104545
3.583012
2.076233
3.583012
2.048673
3.589942
2.035165
3.596899
2.021834
3.603884
2.021834
3.603884
2.026258
3.596899
2.026258
3.583012
2.030702
3.569231
2.035165
3.555556
2.048673
3.541985
2.062361
3.521822
2.071588
3.501887
2.080899
3.482176
2.090293
3.456238
2.104545
3.437037
2.118993
3.411765
2.133641
3.405505
2.148492
3.386861
2.163551
3.368421
2.173709
3.356239
2.178823
3.35018
2.189125
3.344144
2.194313
3.332136
2.194313
3.332136
2.199525
3.326165
2.199525
3.320215
2.204762
3.314286
2.204762
3.308378
2.210024
3.308378
2.215311
3.302491
2.215311
3.302491
2.220623
3.296625
2.220623
3.284956
2.225961
3.284956
2.231325
3.279152
2.231325
3.279152
2.236715
3.279152
2.242131
3.267606
2.242131
3.261863
2.242131
3.25614
2.242131
3.250438
2.242131
3.244755
2.242131
3.239093
2.242131
3.233449
2.242131
3.233449
2.247573
3.227826
2.247573
3.233449
2.247573
3.239093
2.247573
3.244755
2.242131
3.244755
2.236715
3.250438
2.231325
3.250438
2.225961
3.261863
2.220623
3.267606
2.215311
3.267606
2.210024
3.279152
2.204762
3.279152
2.199525
3.279152
2.194313
3.284956
2.194313
3.29078
2.194313
3.29078
2.189125
3.29078
2.183962
3.29078
2.178823
3.296625
2.178823
3.296625
2.173709
3.296625
2.168618
3.302491
2.163551
3.308378
2.163551
3.308378
2.153488
3.308378
2.148492
3.314286
2.148492
3.314286
2.138568
3.320215
2.133641
3.326165
2.128736
3.326165
2.123853
3.326165
2.118993
3.332136
2.118993
3.332136
2.114155
3.332136
2.109339
3.332136
2.104545
3.33813
2.104545
3.33813
2.099773
3.33813
2.095023
3.344144
2.090293
3.344144
2.085586
3.344144
2.076233
3.356239
2.076233
3.356239
2.071588
3.362319
2.062361
3.368421
2.062361
3.368421
2.057778
3.368421
2.053215
3.368421
2.048673
3.374545
2.048673
3.374545
2.039648
3.380692
2.035165
3.386861
2.035165
3.386861
2.030702
3.386861
2.026258
3.393053
2.026258
3.393053
2.021834
3.399267
2.021834
3.399267
2.017429
3.405505
2.013043
3.405505
2.008677
3.411765
2.008677
3.411765
2.004329
3.418048
2
3.424354
1.99569
3.424354
1.991398
3.437037
1.982869
3.443414
1.982869
3.443414
1.978632
3.443414
1.974414
3.449814
1.970213
3.456238
1.970213
3.462687
1.96603
3.462687
1.961864
3.469159
1.961864
3.475655
1.961864
3.475655
1.957717
3.482176
1.957717
3.488722
1.957717
3.495292
1.953586
3.501887
1.949474
3.501887
1.945378
3.515152
1.945378
3.521822
1.9413
3.521822
1.937238
3.528517
1.937238
3.528517
1.933194
3.535238
1.933194
3.528517
1.933194
3.501887
1.9413
3.482176
1.949474
3.456238
1.957717
3.443414
1.970213
3.430684
1.974414
3.418048
1.982869
3.399267
1.99569
3.386861
2.004329
3.368421
2.008677
3.356239
2.017429
3.344144
2.021834
3.332136
2.035165
3.320215
2.039648
3.308378
2.048673
3.296625
2.048673
3.284956
2.057778
3.273369
2.057778
3.273369
2.062361
3.261863
2.062361
3.261863
2.071588
3.25614
2.071588
3.244755
2.076233
3.239093
2.085586
3.233449
2.085586
3.227826
2.085586
3.222222
2.095023
3.216638
2.099773
3.216638
2.104545
3.211073
2.114155
3.205527
2.114155
3.2
2.118993
3.2
2.123853
3.194492
2.128736
3.194492
2.133641
3.189003
2.138568
3.183533
2.143518
3.183533
2.148492
3.183533
2.153488
3.178082
2.158508
3.178082
2.163551
3.178082
2.168618
3.17265
2.168618
3.17265
2.173709
3.17265
2.168618
3.178082
2.163551
3.183533
2.158508
3.183533
2.153488
3.194492
2.138568
3.205527
2.128736
3.211073
2.118993
3.216638
2.104545
3.227826
2.099773
3.227826
2.090293
3.239093
2.076233
3.244755
2.071588
3.244755
2.066964
3.261863
2.057778
3.261863
2.048673
3.267606
2.04415
3.273369
2.035165
3.273369
2.030702
3.279152
2.030702
3.279152
2.026258
3.279152
2.021834
3.284956
2.021834
3.29078
2.021834
3.296625
2.017429
3.296625
2.008677
3.296625
2.004329
3.296625
1.99569
3.308378
1.991398
3.314286
1.987124
3.314286
1.978632
3.314286
1.974414
3.326165
1.970213
3.326165
1.96603
3.332136
1.957717
3.332136
1.953586
3.33813
1.945378
3.33813
1.9413
3.344144
1.937238
3.344144
1.933194
3.35018
1.929167
3.35018
1.921162
3.356239
1.921162
3.362319
1.917184
3.356239
1.913223
3.356239
1.909278
3.356239
1.90535
3.356239
1.901437
3.35018
1.897541
3.35018
1.893661
3.35018
1.885947
3.35018
1.882114
3.35018
1.878296
3.35018
1.874494
3.344144
1.874494
3.33813
1.882114
3.320215
1.885947
3.314286
1.893661
3.308378
1.897541
3.302491
1.90535
3.296625
1.909278
3.296625
1.913223
3.29078
1.913223
3.284956
1.917184
3.279152
1.921162
3.267606
1.921162
3.261863
1.925156
3.25614
1.929167
3.244755
1.933194
3.239093
1.933194
3.227826
1.937238
3.222222
1.945378
3.211073
1.945378
3.211073
1.949474
3.205527
1.953586
3.2
1.957717
3.194492
1.957717
3.183533
1.961864
3.178082
1.961864
3.178082
1.96603
3.17265
1.96603
3.17265
1.961864
3.17265
1.957717
3.17265
1.953586
3.17265
1.945378
3.17265
1.937238
3.178082
1.929167
3.178082
1.921162
3.183533
1.909278
3.194492
1.897541
3.194492
1.889796
3.2
1.882114
3.205527
1.874494
3.211073
1.866935
3.211073
1.859438
3.216638
1.852
3.216638
1.848303
3.222222
1.848303
3.227826
1.844622
3.227826
1.840954
3.222222
1.840954
3.216638
1.840954
3.205527
1.844622
3.183533
1.844622
3.178082
1.844622
3.16184
1.848303
3.16184
1.852
3.156463
1.852
3.156463
1.859438
3.156463
1.863179
3.156463
1.863179
END
255
0
128
0
10
3.689861
1.9413
3.68254
1.9413
3.675247
1.9413
3.667984
1.933194
3.660749
1.929167
3.646365
1.921162
3.639216
1.921162
3.632094
1.913223
3.625
1.909278
3.610895
1.897541
3.610895
1.893661
3.603884
1.893661
3.603884
1.889796
3.596899
1.885947
3.589942
1.885947
3.589942
1.889796
3.589942
1.893661
3.589942
1.897541
3.589942
1.901437
3.589942
1.909278
3.596899
1.913223
3.603884
1.921162
3.603884
1.925156
3.610895
1.933194
3.617934
1.945378
3.625
1.953586
3.625
1.961864
3.625
1.96603
3.625
1.970213
3.625
1.974414
3.625
1.978632
3.632094
1.978632
3.632094
1.982869
3.632094
1.987124
3.632094
1.99569
3.632094
2
3.632094
2.008677
3.632094
2.021834
3.632094
2.026258
3.625
2.035165
3.625
2.039648
3.625
2.048673
3.632094
2.057778
3.632094
2.066964
3.632094
2.076233
3.632094
2.090293
3.625
2.104545
3.625
2.118993
3.625
2.138568
3.625
2.148492
3.617934
2.163551
3.610895
2.173709
3.603884
2.183962
3.603884
2.194313
3.603884
2.199525
3.596899
2.210024
3.589942
2.225961
3.583012
2.242131
3.583012
2.247573
3.576108
2.258537
3.569231
2.275184
3.569231
2.28642
3.569231
2.292079
3.56238
2.292079
3.555556
2.292079
3.555556
2.297767
3.555556
2.309227
3.548757
2.309227
3.541985
2.326633
3.535238
2.326633
3.528517
2.332494
3.528517
2.338384
3.521822
2.338384
3.515152
2.338384
3.501887
2.338384
3.495292
2.332494
3.482176
2.326633
3.482176
2.320802
3.469159
2.309227
3.462687
2.303483
3.462687
2.28642
3.449814
2.264059
3.430684
2.247573
3.405505
2.225961
3.386861
2.199525
3.368421
2.178823
3.344144
2.168618
3.332136
2.158508
3.314286
2.148492
3.308378
2.148492
3.302491
2.148492
3.296625
2.148492
3.296625
2.153488
3.296625
2.163551
3.296625
2.173709
3.29078
2.183962
3.279152
2.194313
3.279152
2.210024
3.279152
2.220623
3.273369
2.225961
3.267606
2.236715
3.261863
2.242131
3.261863
2.247573
3.25614
2.253041
3.244755
2.258537
3.244755
2.264059
3.239093
2.264059
3.233449
2.269608
3.227826
2.269608
3.222222
2.269608
3.216638
2.269608
3.211073
2.269608
3.205527
2.269608
3.2
2.269608
3.194492
2.269608
3.189003
2.269608
3.183533
2.269608
3.178082
2.269608
3.178082
2.275184
3.178082
2.275184
END
255
0
128
0
10
2.426144
2.523161
2.422976
2.523161
2.422976
2.516304
2.422976
2.502703
2.422976
2.482574
2.422976
2.462766
2.426144
2.443272
2.429319
2.411458
2.432503
2.386598
2.435696
2.368286
2.438896
2.350254
2.438896
2.338384
2.438896
2.326633
2.438896
2.320802
2.438896
2.326633
2.435696
2.326633
2.432503
2.326633
2.429319
2.326633
2.429319
2.332494
2.426144
2.338384
2.419817
2.344304
2.416667
2.350254
2.416667
2.356234
2.41039
2.362245
2.41039
2.380463
2.404145
2.392765
2.401035
2.411458
2.397933
2.424084
2.391752
2.436842
2.391752
2.456234
2.388674
2.456234
2.382542
2.475936
2.382542
2.489247
2.379487
2.495957
2.376441
2.516304
2.37037
2.536986
2.37037
2.558011
2.364331
2.572222
2.364331
2.586592
2.364331
2.593837
2.361323
2.608451
2.358323
2.62323
2.35533
2.645714
2.352345
2.660919
2.346397
2.668588
2.346397
2.69186
2.343434
2.69186
2.340479
2.715543
2.340479
2.723529
2.337532
2.739645
2.337532
2.747774
2.337532
2.755952
2.334591
2.764179
2.337532
2.764179
2.337532
2.739645
2.346397
2.715543
2.35533
2.69186
2.361323
2.653295
2.367347
2.608451
2.37037
2.579387
2.379487
2.543956
2.385604
2.502703
2.391752
2.475936
2.391752
2.449735
2.397933
2.417755
2.401035
2.398964
2.404145
2.380463
2.41039
2.362245
2.41039
2.338384
2.419817
2.315
2.419817
2.292079
2.426144
2.275184
2.426144
2.264059
2.426144
2.258537
2.426144
2.247573
2.429319
2.236715
2.429319
2.225961
2.429319
2.210024
2.429319
2.194313
2.429319
2.183962
2.429319
2.168618
2.429319
2.153488
2.429319
2.143518
2.429319
2.133641
2.429319
2.123853
2.429319
2.114155
2.429319
2.104545
2.429319
2.099773
2.429319
2.095023
2.429319
2.090293
2.429319
2.085586
2.426144
2.085586
2.426144
2.090293
2.419817
2.090293
2.419817
2.095023
2.419817
2.104545
2.416667
2.109339
2.41039
2.123853
2.401035
2.133641
2.397933
2.143518
2.391752
2.158508
2.385604
2.173709
2.379487
2.183962
2.373402
2.204762
2.367347
2.210024
2.364331
2.220623
2.361323
2.225961
2.358323
2.242131
2.35533
2.253041
2.35533
2.258537
2.352345
2.264059
2.349367
2.275184
2.346397
2.28642
2.346397
2.292079
2.346397
2.303483
2.343434
2.309227
2.343434
2.320802
2.340479
2.332494
2.337532
2.338384
2.337532
2.356234
2.337532
2.368286
2.337532
2.380463
2.337532
2.398964
2.331658
2.405195
2.334591
2.417755
2.331658
2.417755
2.331658
2.424084
2.331658
2.417755
2.337532
2.386598
2.340479
2.350254
2.340479
2.344304
2.346397
2.326633
2.349367
2.309227
2.35533
2.275184
2.358323
2.258537
2.364331
2.242131
2.364331
2.225961
2.364331
2.215311
2.364331
2.210024
2.367347
2.194313
2.367347
2.183962
2.367347
2.178823
2.37037
2.168618
2.373402
2.163551
2.376441
2.148492
2.379487
2.143518
2.379487
2.133641
2.385604
2.123853
2.385604
2.114155
2.388674
2.109339
2.391752
2.104545
2.391752
2.099773
2.394839
2.095023
2.397933
2.090293
2.401035
2.085586
2.404145
2.085586
2.404145
2.080899
2.407263
2.080899
2.41039
2.080899
2.41039
2.085586
2.413524
2.090293
2.416667
2.090293
2.416667
2.104545
2.422976
2.118993
2.432503
2.133641
2.442105
2.158508
2.448549
2.183962
2.448549
2.199525
2.448549
2.210024
2.451783
2.210024
2.451783
2.204762
2.448549
2.194313
2.445323
2.194313
2.438896
2.189125
2.438896
2.178823
2.435696
2.178823
2.429319
2.173709
2.419817
2.163551
2.416667
2.163551
2.413524
2.163551
2.41039
2.163551
2.401035
2.158508
2.397933
2.158508
2.391752
2.158508
2.388674
2.158508
2.382542
2.158508
2.373402
2.163551
2.373402
2.168618
2.373402
2.173709
2.364331
2.173709
2.364331
2.178823
2.364331
2.183962
2.361323
2.189125
2.358323
2.194313
2.358323
2.210024
2.35533
2.215311
2.35533
2.225961
2.35533
2.236715
2.35533
2.253041
2.35533
2.275184
2.358323
2.28642
2.364331
2.297767
2.367347
2.320802
2.37037
2.344304
2.376441
2.356234
2.382542
2.380463
2.382542
2.392765
2.382542
2.405195
2.382542
2.417755
2.385604
2.430446
2.382542
2.436842
2.379487
2.436842
2.373402
2.430446
2.364331
2.430446
2.358323
2.424084
2.352345
2.424084
2.346397
2.424084
2.337532
2.424084
2.337532
2.430446
2.334591
2.436842
2.331658
2.449735
2.328733
2.469333
2.328733
2.495957
2.328733
2.516304
2.328733
2.550964
2.334591
2.579387
2.337532
2.615819
2.340479
2.645714
2.343434
2.653295
2.343434
2.668588
2.343434
2.668588
END
255
255
0
0
10
2.993548
5.612121
2.988728
5.612121
2.979133
5.612121
2.964856
5.612121
2.960128
5.612121
2.950715
5.612121
2.955414
5.612121
3.008104
5.511905
3.047619
5.447059
3.077944
5.383721
3.088186
5.352601
3.083056
5.352601
3.077944
5.352601
3.062706
5.352601
3.047619
5.352601
3.022801
5.352601
2.993548
5.352601
2.9696
5.352601
2.950715
5.352601
2.941363
5.352601
2.936709
5.352601
2.936709
5.321839
2.946032
5.261364
2.9696
5.231638
2.998384
5.173184
3.022801
5.087912
3.047619
5.005405
3.057661
5.005405
3.062706
5.005405
3.057661
5.005405
3.037643
4.978495
3.008104
4.978495
2.964856
4.951872
2.9
4.925532
2.842267
4.925532
2.790977
4.925532
2.766021
4.925532
2.761905
4.925532
2.766021
4.925532
2.778443
4.925532
2.803625
4.925532
2.842267
4.873684
2.881988
4.848167
2.93207
4.797927
2.988728
4.773196
3.037643
4.72449
3.077944
4.700508
3.098497
4.653266
3.108878
4.653266
3.108878
4.63
3.098497
4.63
3.088186
4.63
3.062706
4.63
3.03268
4.63
2.998384
4.63
2.9696
4.63
2.941363
4.63
2.913658
4.606965
2.904538
4.606965
2.895476
4.606965
2.9
4.606965
2.909091
4.606965
2.946032
4.584158
2.988728
4.561576
3.022801
4.495146
3.057661
4.451923
3.067769
4.430622
3.062706
4.409524
3.042623
4.388626
3.017886
4.388626
2.9696
4.388626
2.909091
4.409524
2.859784
4.409524
2.829268
4.409524
2.799397
4.409524
2.790977
4.409524
2.786787
4.409524
2.790977
4.409524
2.795181
4.409524
2.807867
4.409524
2.820669
4.367925
2.83792
4.306977
2.842267
4.287037
2.859784
4.247706
2.864197
4.209091
2.868624
4.190045
2.873065
4.190045
2.868624
4.190045
2.855385
4.190045
2.83792
4.190045
2.820669
4.190045
2.816388
4.190045
2.807867
4.190045
2.803625
4.190045
2.799397
4.209091
2.782609
4.306977
2.770149
4.451923
2.753709
4.606965
2.753709
4.653266
2.753709
4.700508
2.74963
4.72449
2.753709
4.72449
2.753709
4.72449
END
255
255
255
255
10
3.227826
4.653266
3.227826
4.676768
3.227826
4.700508
3.222222
4.700508
3.211073
4.676768
3.211073
4.63
3.205527
4.63
3.2
4.584158
3.194492
4.561576
3.194492
4.47343
3.189003
4.47343
3.183533
4.47343
3.178082
4.47343
3.17265
4.47343
3.167236
4.47343
3.16184
4.47343
3.16184
4.495146
3.156463
4.561576
3.14044
4.676768
3.14044
4.700508
3.135135
4.822917
3.129848
4.925532
3.119328
5.032609
3.114094
5.087912
3.114094
5.060109
3.114094
5.032609
3.114094
4.978495
3.108878
4.873684
3.108878
4.773196
3.093333
4.676768
3.083056
4.606965
3.067769
4.495146
3.052632
4.430622
3.047619
4.409524
3.037643
4.367925
3.03268
4.367925
3.027732
4.388626
3.022801
4.430622
3.017886
4.495146
3.008104
4.561576
3.008104
4.63
3.003236
4.700508
2.998384
4.848167
2.998384
4.978495
2.993548
5.087912
2.993548
5.173184
2.993548
5.231638
2.988728
5.261364
2.988728
5.231638
2.988728
5.173184
2.988728
5.060109
2.983923
4.925532
2.983923
4.822917
2.979133
4.63
2.964856
4.451923
2.946032
4.306977
2.922835
4.209091
2.9
4.152466
2.890966
4.152466
2.88647
4.152466
2.881988
4.209091
2.877519
4.287037
2.873065
4.287037
2.868624
4.367925
2.855385
4.47343
2.850998
4.63
2.846626
4.748718
2.842267
4.873684
2.842267
5.005405
2.842267
5.116022
2.842267
5.173184
2.842267
5.144444
2.842267
5.087912
2.842267
5.005405
2.842267
4.951872
2.842267
4.848167
2.842267
4.748718
2.842267
4.676768
2.83792
4.584158
2.833588
4.561576
2.829268
4.561576
2.824962
4.561576
2.816388
4.584158
2.807867
4.653266
2.786787
4.748718
2.778443
4.848167
2.761905
4.978495
2.753709
5.087912
2.741507
5.144444
2.737463
5.202247
2.729412
5.231638
2.721408
5.261364
2.717423
5.261364
2.717423
5.231638
2.717423
5.202247
2.717423
5.144444
2.717423
5.032609
2.717423
4.925532
2.717423
4.848167
2.71345
4.773196
2.71345
4.748718
2.709489
4.748718
2.705539
4.748718
2.705539
4.773196
2.701601
4.797927
2.701601
4.822917
2.697675
4.822917
2.697675
4.822917
END
255
255
255
255
10
4.461538
3.660079
4.461538
3.645669
4.483092
3.631372
4.493947
3.603113
4.504854
3.561538
4.526829
3.520913
4.526829
3.49434
4.526829
3.481203
4.515815
3.481203
4.483092
3.468165
4.461538
3.468165
4.419048
3.468165
4.398104
3.468165
4.367059
3.468165
4.356808
3.468165
4.356808
3.481203
4.367059
3.481203
4.408551
3.442379
4.429594
3.391941
4.45084
3.355072
4.461538
3.330935
4.461538
3.318996
4.45084
3.318996
4.429594
3.318996
4.377358
3.34296
4.316279
3.367273
4.266667
3.404412
4.208617
3.442379
4.170786
3.481203
4.152125
3.49434
4.142857
3.49434
4.152125
3.49434
4.189616
3.455224
4.22779
3.404412
4.286374
3.330935
4.367059
3.226481
4.419048
3.128378
4.483092
3.036066
4.504854
2.977492
4.515815
2.958467
4.515815
2.949045
4.504854
2.949045
4.483092
2.949045
4.419048
2.996764
4.367059
3.036066
4.296296
3.076412
4.208617
3.128378
4.13363
3.182131
4.052402
3.226481
3.991398
3.272085
3.948936
3.283688
3.932203
3.295374
3.92389
3.295374
3.932203
3.295374
3.974304
3.260563
4.026031
3.215278
4.088106
3.160409
4.13363
3.086667
4.161435
3.016287
4.199095
2.958467
4.208617
2.939682
4.218182
2.939682
4.208617
2.939682
4.170786
2.949045
4.13363
2.949045
4.079121
2.977492
4.026031
3.006494
3.974304
3.046053
3.915612
3.09699
3.874739
3.117845
3.850622
3.128378
3.84265
3.128378
3.850622
3.128378
3.858628
3.117845
3.89916
3.066225
3.92389
3.026144
3.974304
2.949045
4.034782
2.884735
4.088106
2.831804
4.115299
2.797583
4.13363
2.789157
4.124444
2.789157
4.09713
2.789157
4.043573
2.806061
3.982833
2.823171
3.940552
2.849231
3.89916
2.866873
3.874739
2.875776
3.882845
2.875776
3.890985
2.866873
3.89916
2.840491
3.92389
2.789157
3.948936
2.755952
3.957356
2.755952
3.974304
2.715543
4
2.69186
3.991398
2.69186
3.982833
2.707602
3.957356
2.715543
3.948936
2.723529
3.932203
2.723529
3.932203
2.731563
3.932203
2.731563
END
255
255
0
0
10
3.008104
2.958467
3.012987
2.958467
3.008104
2.93038
3.008104
2.89375
3.022801
2.840491
3.037643
2.789157
3.057661
2.739645
3.083056
2.668588
3.098497
2.62323
3.103679
2.601124
3.103679
2.593837
3.098497
2.593837
3.088186
2.593837
3.077944
2.601124
3.052632
2.62323
3.022801
2.645714
2.988728
2.684058
2.960128
2.715543
2.946032
2.731563
2.927445
2.739645
2.922835
2.747774
2.922835
2.739645
2.936709
2.715543
2.955414
2.668588
2.979133
2.615819
2.998384
2.572222
3.012987
2.536986
3.027732
2.516304
3.037643
2.509485
3.037643
2.516304
3.022801
2.516304
2.988728
2.543956
2.950715
2.572222
2.918239
2.608451
2.868624
2.638177
2.829268
2.660919
2.803625
2.684058
2.790977
2.69186
2.795181
2.69186
2.807867
2.684058
2.829268
2.645714
2.855385
2.608451
2.881988
2.558011
2.909091
2.495957
2.927445
2.456234
2.93207
2.436842
2.93207
2.443272
2.909091
2.456234
2.890966
2.475936
2.850998
2.509485
2.846626
2.516304
2.803625
2.543956
2.757801
2.579387
2.709489
2.608451
2.659026
2.645714
2.625177
2.660919
2.617772
2.668588
2.621469
2.668588
2.632624
2.645714
2.655222
2.601124
2.678211
2.558011
2.705539
2.489247
2.705539
2.482574
2.741507
2.417755
2.766021
2.368286
2.778443
2.332494
2.786787
2.320802
2.782609
2.320802
2.77429
2.326633
2.757801
2.338384
2.741507
2.344304
2.729412
2.362245
2.705539
2.380463
2.689855
2.386598
2.678211
2.398964
2.674352
2.398964
2.678211
2.398964
2.682081
2.386598
2.685962
2.380463
2.689855
2.362245
2.693759
2.362245
2.697675
2.362245
2.701601
2.362245
2.701601
2.362245
END
255
255
0
0
10
4.472289
1.953586
4.483092
1.953586
4.483092
1.945378
4.504854
1.933194
4.537897
1.921162
4.54902
1.909278
4.560196
1.909278
4.560196
1.901437
4.560196
1.897541
4.537897
1.897541
4.493947
1.897541
4.429594
1.90535
4.367059
1.909278
4.306264
1.921162
4.276498
1.925156
4.256881
1.929167
4.266667
1.929167
4.296296
1.929167
4.32634
1.917184
4.367059
1.897541
4.408551
1.878296
4.461538
1.855711
4.483092
1.844622
4.483092
1.840954
4.472289
1.840954
4.429594
1.844622
4.346604
1.844622
4.286374
1.859438
4.208617
1.870707
4.161435
1.874494
4.124444
1.878296
4.106194
1.885947
4.115299
1.885947
4.142857
1.874494
4.18018
1.852
4.22779
1.822835
4.306264
1.787645
4.377358
1.753788
4.440191
1.724395
4.45084
1.717996
4.440191
1.717996
4.398104
1.724395
4.32634
1.737336
4.237443
1.753788
4.124444
1.773946
4.026031
1.794574
3.965812
1.808594
3.915612
1.82643
3.890985
1.837302
3.89916
1.837302
3.92389
1.82643
3.974304
1.808594
4.034782
1.7842
4.124444
1.743879
4.199095
1.714815
4.256881
1.683636
4.266667
1.67148
4.266667
1.668468
4.256881
1.668468
4.218182
1.680581
4.152125
1.689781
4.079121
1.705341
3.982833
1.724395
3.907368
1.740602
3.874739
1.74717
3.874739
1.750473
3.882845
1.750473
3.92389
1.737336
3.974304
1.72119
4.026031
1.702206
4.079121
1.680581
4.124444
1.665468
4.161435
1.653571
4.161435
1.647687
4.152125
1.647687
4.124444
1.650624
4.070176
1.65653
4
1.668468
3.974304
1.67148
3.92389
1.680581
3.915612
1.680581
3.92389
1.680581
3.940552
1.674503
3.957356
1.65653
3.982833
1.64476
4
1.636042
4
1.630282
3.991398
1.630282
3.965812
1.636042
3.92389
1.638938
3.874739
1.64476
3.866667
1.647687
3.866667
1.650624
3.866667
1.650624
END
255
255
0
0
10
4.461538
2.645714
4.461538
2.638177
4.504854
2.593837
4.537897
2.558011
4.54902
2.543956
4.537897
2.543956
4.504854
2.543956
4.45084
2.543956
4.387707
2.558011
4.306264
2.572222
4.256881
2.579387
4.256881
2.572222
4.296296
2.543956
4.32634
2.509485
4.387707
2.456234
4.440191
2.398964
4.493947
2.350254
4.515815
2.309227
4.515815
2.303483
4.515815
2.297767
4.483092
2.309227
4.419048
2.315
4.356808
2.344304
4.286374
2.362245
4.22779
2.398964
4.18018
2.417755
4.13363
2.430446
4.115299
2.436842
4.115299
2.443272
4.124444
2.443272
4.170786
2.417755
4.218182
2.374359
4.276498
2.326633
4.336449
2.275184
4.367059
2.231325
4.377358
2.210024
4.377358
2.204762
4.377358
2.210024
4.316279
2.225961
4.256881
2.258537
4.170786
2.292079
4.079121
2.338384
4
2.374359
3.932203
2.411458
3.882845
2.430446
3.874739
2.443272
3.874739
2.436842
3.92389
2.405195
3.974304
2.362245
4.043573
2.303483
4.106194
2.231325
4.161435
2.168618
4.208617
2.118993
4.22779
2.090293
4.237443
2.076233
4.22779
2.076233
4.199095
2.090293
4.142857
2.114155
4.052402
2.133641
3.965812
2.168618
3.92389
2.194313
3.882845
2.199525
3.874739
2.204762
3.874739
2.199525
3.907368
2.183962
3.957356
2.148492
4.017316
2.104545
4.070176
2.062361
4.124444
2.030702
4.152125
2.017429
4.152125
2.013043
4.142857
2.013043
4.106194
2.021834
4.079121
2.035165
4.026031
2.048673
3.965812
2.071588
3.92389
2.085586
3.882845
2.099773
3.882845
2.104545
3.874739
2.104545
3.874739
2.099773
3.907368
2.076233
3.948936
2.048673
4
2.021834
4.043573
1.99569
4.061269
1.982869
4.061269
1.974414
4.061269
1.978632
4.026031
1.982869
3.974304
1.99569
3.92389
2
3.874739
2.008677
3.866667
2.008677
3.874739
2.008677
3.890985
1.991398
3.915612
1.970213
3.92389
1.953586
3.940552
1.945378
3.940552
1.945378
END
255
255
255
255
10
3.625
3.272085
3.625
3.260563
3.653543
3.171233
3.667984
3.09699
3.675247
3.066225
3.667984
3.066225
3.660749
3.066225
3.625
3.066225
3.583012
3.09699
3.56238
3.128378
3.548757
3.14966
3.535238
3.160409
3.541985
3.160409
3.555556
3.128378
3.576108
3.076412
3.610895
3.016287
3.632094
2.939682
3.667984
2.875776
3.675247
2.831804
3.68254
2.823171
3.675247
2.823171
3.646365
2.840491
3.603884
2.858025
3.548757
2.884735
3.488722
2.921136
3.443414
2.939682
3.411765
2.967949
3.399267
2.977492
3.393053
2.977492
3.399267
2.977492
3.424354
2.977492
3.456238
2.939682
3.508507
2.866873
3.555556
2.806061
3.610895
2.739645
3.625
2.69186
3.617934
2.69186
3.576108
2.715543
3.515152
2.747774
3.462687
2.789157
3.405505
2.823171
3.332136
2.875776
3.284956
2.921136
3.267606
2.939682
3.267606
2.949045
3.273369
2.949045
3.302491
2.921136
3.35018
2.849231
3.405505
2.772455
3.456238
2.707602
3.508507
2.645714
3.521822
2.601124
3.528517
2.586592
3.521822
2.586592
3.482176
2.601124
3.443414
2.630682
3.386861
2.660919
3.320215
2.69186
3.261863
2.715543
3.222222
2.731563
3.211073
2.739645
3.205527
2.739645
3.2
2.739645
3.222222
2.707602
3.261863
2.645714
3.296625
2.579387
3.33813
2.536986
3.356239
2.502703
3.356239
2.489247
3.35018
2.489247
3.320215
2.502703
3.279152
2.530055
3.222222
2.558011
3.183533
2.579387
3.156463
2.601124
3.145763
2.615819
3.145763
2.608451
3.167236
2.579387
3.194492
2.543956
3.227826
2.495957
3.239093
2.462766
3.250438
2.436842
3.244755
2.436842
3.244755
2.436842
END
255
0
0
255
10
3.012987
2.280788
3.012987
2.275184
3.017886
2.231325
3.03268
2.194313
3.042623
2.178823
3.042623
2.173709
3.037643
2.173709
2.993548
2.178823
2.960128
2.194313
2.936709
2.199525
2.927445
2.199525
2.93207
2.199525
2.946032
2.189125
2.964856
2.163551
2.988728
2.118993
3.017886
2.099773
3.017886
2.095023
3.03268
2.071588
3.03268
2.062361
3.027732
2.062361
3.003236
2.071588
2.974359
2.085586
2.93207
2.104545
2.895476
2.128736
2.859784
2.143518
2.83792
2.158508
2.829268
2.163551
2.833588
2.163551
2.846626
2.148492
2.877519
2.133641
2.904538
2.095023
2.941363
2.048673
2.974359
1.99569
2.998384
1.957717
3.003236
1.9413
2.998384
1.9413
2.983923
1.949474
2.946032
1.970213
2.904538
1.99569
2.868624
2.021834
2.829268
2.048673
2.790977
2.076233
2.761905
2.099773
2.741507
2.109339
2.737463
2.114155
2.737463
2.118993
2.737463
2.109339
2.757801
2.090293
2.795181
2.048673
2.846626
1.99569
2.890966
1.945378
2.946032
1.897541
2.974359
1.863179
2.979133
1.852
2.974359
1.852
2.960128
1.866935
2.93207
1.885947
2.9
1.909278
2.850998
1.933194
2.816388
1.957717
2.786787
1.978632
2.761905
1.99569
2.74963
2
2.74963
1.99569
2.766021
1.978632
2.799397
1.945378
2.83792
1.917184
2.877519
1.878296
2.9
1.848303
2.904538
1.844622
2.9
1.844622
2.88647
1.844622
2.850998
1.855711
2.803625
1.870707
2.757801
1.882114
2.717423
1.897541
2.697675
1.897541
2.701601
1.897541
2.71345
1.885947
2.717423
1.885947
2.741507
1.863179
2.770149
1.840954
2.812121
1.819253
2.833588
1.808594
2.846626
1.798058
2.842267
1.798058
2.820669
1.801556
2.795181
1.808594
2.77429
1.822835
2.74963
1.83004
2.737463
1.840954
2.733432
1.840954
2.737463
1.840954
2.745562
1.83004
2.74963
1.819253
2.74963
1.815686
2.74963
1.808594
2.74963
1.808594
END
255
0
128
0
10
3.03268
1.837302
3.03268
1.833663
3.03268
1.82643
3.03268
1.819253
3.03268
1.812133
3.03268
1.808594
3.027732
1.808594
3.022801
1.808594
3.017886
1.808594
3.017886
1.815686
3.012987
1.822835
3.012987
1.833663
3.012987
1.840954
3.017886
1.863179
3.017886
1.874494
3.017886
1.893661
3.008104
1.909278
3.003236
1.909278
3.003236
1.90535
3.003236
1.897541
3.003236
1.893661
3.003236
1.885947
2.998384
1.882114
2.993548
1.882114
2.993548
1.882114
END
255
0
128
0
10
2.820669
2.210024
2.812121
2.210024
2.803625
2.210024
2.799397
2.210024
2.790977
2.210024
2.786787
2.210024
2.782609
2.210024
2.778443
2.210024
2.77429
2.210024
2.77429
2.204762
2.770149
2.199525
2.761905
2.194313
2.761905
2.189125
2.757801
2.189125
2.753709
2.189125
2.74963
2.189125
2.745562
2.189125
2.741507
2.189125
2.741507
2.178823
2.737463
2.178823
2.733432
2.178823
2.733432
2.173709
2.729412
2.163551
2.725404
2.163551
2.721408
2.163551
2.717423
2.158508
2.71345
2.148492
2.709489
2.148492
2.705539
2.143518
2.701601
2.138568
2.697675
2.133641
2.697675
2.128736
2.697675
2.123853
2.693759
2.118993
2.693759
2.104545
2.693759
2.095023
2.693759
2.076233
2.693759
2.062361
2.693759
2.04415
2.693759
2.021834
2.693759
2.004329
2.693759
1.982869
2.693759
1.96603
2.693759
1.945378
2.693759
1.929167
2.693759
1.909278
2.693759
1.893661
2.689855
1.874494
2.685962
1.863179
2.682081
1.859438
2.682081
1.855711
2.682081
1.852
2.678211
1.852
2.678211
1.840954
2.678211
1.837302
2.674352
1.83004
2.674352
1.819253
2.674352
1.808594
2.674352
1.794574
2.670504
1.7842
2.674352
1.777351
2.674352
1.773946
2.678211
1.767176
2.682081
1.760456
2.689855
1.753788
2.693759
1.74717
2.697675
1.74717
2.701601
1.74717
2.705539
1.753788
2.71345
1.757116
2.721408
1.76381
2.725404
1.767176
2.737463
1.770555
2.745562
1.777351
2.761905
1.787645
2.770149
1.798058
2.77429
1.808594
2.778443
1.812133
2.778443
1.819253
2.782609
1.819253
2.778443
1.819253
2.77429
1.819253
2.782609
1.808594
2.799397
1.798058
2.824962
1.7842
2.842267
1.777351
2.855385
1.773946
2.859784
1.773946
2.850998
1.780769
2.829268
1.808594
2.799397
1.844622
2.766021
1.878296
2.737463
1.90535
2.725404
1.921162
2.725404
1.925156
2.725404
1.929167
2.741507
1.921162
2.766021
1.913223
2.799397
1.897541
2.833588
1.874494
2.83792
1.874494
2.855385
1.863179
2.859784
1.863179
2.855385
1.863179
2.842267
1.882114
2.824962
1.913223
2.824962
1.917184
2.799397
1.953586
2.786787
1.987124
2.778443
2.035165
2.77429
2.062361
2.77429
2.090293
2.782609
2.095023
2.786787
2.095023
2.807867
2.095023
2.83792
2.085586
2.873065
2.085586
2.890966
2.080899
2.895476
2.080899
2.890966
2.080899
2.88647
2.104545
2.881988
2.123853
2.877519
2.148492
2.877519
2.163551
2.877519
2.163551
END
255
0
128
0
10
3.017886
1.727612
3.017886
1.724395
3.012987
1.708487
3.017886
1.69287
3.022801
1.680581
3.017886
1.662478
3.027732
1.653571
3.027732
1.647687
3.022801
1.647687
3.003236
1.647687
2.974359
1.653571
2.946032
1.665468
2.918239
1.680581
2.890966
1.689781
2.877519
1.695971
2.877519
1.699083
2.877519
1.695971
2.88647
1.683636
2.9
1.662478
2.918239
1.641844
2.918239
1.638938
2.93207
1.618881
2.950715
1.602076
2.960128
1.593804
2.960128
1.591065
2.955414
1.593804
2.936709
1.596552
2.904538
1.604853
2.850998
1.618881
2.807867
1.633157
2.753709
1.64476
2.737463
1.647687
2.745562
1.647687
2.77429
1.630282
2.812121
1.604853
2.859784
1.57483
2.895476
1.543333
2.93207
1.515548
2.950715
1.505691
2.955414
1.503247
2.950715
1.505691
2.93207
1.515548
2.895476
1.530578
2.842267
1.551089
2.790977
1.566836
2.74963
1.582906
2.725404
1.585616
2.721408
1.591065
2.721408
1.588336
2.737463
1.57483
2.761905
1.553691
2.795181
1.530578
2.824962
1.503247
2.846626
1.486356
2.850998
1.4816
2.850998
1.479233
2.846626
1.479233
2.824962
1.486356
2.790977
1.498382
2.753709
1.508143
2.709489
1.515548
2.693759
1.523026
2.689855
1.523026
2.689855
1.520525
2.697675
1.513072
2.709489
1.498382
2.729412
1.479233
2.741507
1.46519
2.745562
1.460568
2.745562
1.458268
2.745562
1.460568
2.757801
1.46519
2.770149
1.467512
2.770149
1.467512
END
255
248
106
63
10
3.067769
1.543333
3.062706
1.543333
3.057661
1.540765
3.052632
1.535655
3.047619
1.528053
3.042623
1.520525
3.027732
1.513072
3.008104
1.508143
2.998384
1.505691
2.979133
1.505691
2.964856
1.505691
2.946032
1.505691
2.946032
1.508143
2.946032
1.515548
2.946032
1.518033
2.950715
1.535655
2.964856
1.548495
2.988728
1.57483
3.003236
1.593804
3.017886
1.607639
3.017886
1.61324
3.017886
1.616056
3.017886
1.61324
3.008104
1.602076
3.003236
1.585616
3.003236
1.564189
2.988728
1.533113
2.946032
1.50081
2.913658
1.479233
2.890966
1.476874
2.877519
1.479233
2.873065
1.491143
2.864197
1.515548
2.864197
1.540765
2.850998
1.569492
2.850998
1.596552
2.83792
1.621716
2.824962
1.636042
2.816388
1.638938
2.816388
1.636042
2.824962
1.618881
2.824962
1.599309
2.824962
1.577513
2.816388
1.564189
2.812121
1.561551
2.807867
1.561551
2.799397
1.564189
2.77429
1.580205
2.761905
1.599309
2.74963
1.618881
2.741507
1.633157
2.737463
1.636042
2.737463
1.638938
2.737463
1.636042
2.737463
1.633157
2.745562
1.624561
2.745562
1.621716
2.745562
1.618881
2.745562
1.618881
END
255
248
106
63
10
2.545953
5.680982
2.545953
5.646341
2.538988
5.447059
2.535519
5.261364
2.535519
5.116022
2.53206
5.087912
2.53206
5.060109
2.52861
5.060109
2.53206
5.116022
2.521739
5.173184
2.514905
5.261364
2.508108
5.383721
2.504723
5.612121
2.501348
5.716049
2.497981
5.7875
2.494624
5.7875
2.494624
5.751553
2.491275
5.680982
2.487936
5.54491
2.487936
5.47929
2.484605
5.447059
2.484605
5.383721
2.484605
5.415205
2.484605
5.511905
2.484605
5.646341
2.484605
5.823899
2.484605
5.974194
2.487936
6.214765
2.477971
6.386207
2.471371
6.521127
2.468085
6.521127
2.464808
6.475524
2.455026
6.214765
2.445323
5.860759
2.435696
5.54491
2.426144
5.261364
2.413524
5.032609
2.404145
4.899471
2.401035
4.899471
2.397933
4.925532
2.385604
5.087912
2.379487
5.352601
2.373402
5.578313
2.367347
5.823899
2.364331
5.898089
2.361323
5.898089
2.361323
5.860759
2.361323
5.751553
2.364331
5.447059
2.37037
5.202247
2.37037
5.005405
2.37037
4.951872
2.367347
4.951872
2.352345
5.060109
2.346397
5.291429
2.325814
5.54491
2.314214
5.823899
2.30559
6.052288
2.299876
6.092105
2.29703
6.052288
2.299876
5.860759
2.308458
5.54491
2.322904
5.231638
2.325814
5.087912
2.325814
5.032609
2.322904
5.032609
2.308458
5.116022
2.291358
5.231638
2.271726
5.352601
2.266178
5.415205
2.266178
5.447059
2.266178
5.447059
END
255
248
106
63
10
2.29703
4.873684
2.291358
4.873684
2.291358
4.899471
2.27451
4.978495
2.257908
5.087912
2.241546
5.173184
2.22542
5.231638
2.222754
5.261364
2.22542
5.261364
2.249697
5.291429
2.277301
5.321839
2.308458
5.352601
2.334591
5.383721
2.343434
5.383721
2.340479
5.383721
2.325814
5.447059
2.29703
5.47929
2.266178
5.511905
2.246973
5.54491
2.244256
5.54491
2.246973
5.54491
2.266178
5.578313
2.299876
5.578313
2.343434
5.578313
2.376441
5.612121
2.397933
5.612121
2.394839
5.612121
2.379487
5.646341
2.35533
5.646341
2.337532
5.751553
2.334591
5.751553
2.340479
5.7875
2.352345
5.7875
2.37037
5.860759
2.391752
5.898089
2.407263
5.974194
2.41039
5.974194
2.407263
6.012987
2.397933
6.052288
2.385604
6.092105
2.379487
6.173333
2.382542
6.256757
2.407263
6.342466
2.426144
6.430555
2.438896
6.475524
2.442105
6.475524
2.445323
6.475524
2.445323
6.521127
2.445323
6.521127
END
255
248
106
63
10
2.603086
2.204762
2.59944
2.204762
2.59944
2.199525
2.595804
2.189125
2.595804
2.178823
2.592179
2.173709
2.592179
2.163551
2.588563
2.163551
2.584958
2.163551
2.584958
2.178823
2.570637
2.210024
2.563536
2.242131
2.552957
2.275184
2.542466
2.292079
2.538988
2.292079
2.542466
2.292079
2.545953
2.269608
2.56
2.225961
2.56
2.220623
2.574203
2.158508
2.588563
2.099773
2.59944
2.071588
2.595804
2.071588
2.588563
2.085586
2.588563
2.090293
2.577778
2.114155
2.574203
2.158508
2.56
2.199525
2.542466
2.258537
2.52861
2.309227
2.518317
2.332494
2.521739
2.332494
2.52861
2.292079
2.549451
2.225961
2.567082
2.148492
2.588563
2.080899
2.59944
2.035165
2.603086
2.017429
2.59944
2.021834
2.592179
2.035165
2.581363
2.062361
2.56
2.104545
2.538988
2.143518
2.52517
2.173709
2.521739
2.178823
2.52517
2.173709
2.542466
2.133641
2.563536
2.076233
2.588563
2.013043
2.606742
1.970213
2.617772
1.945378
2.617772
1.937238
2.617772
1.9413
2.603086
1.949474
2.574203
1.974414
2.545953
2.017429
2.52517
2.048673
2.514905
2.062361
2.514905
2.057778
2.538988
2.026258
2.556474
1.974414
2.588563
1.913223
2.610408
1.870707
2.617772
1.844622
2.621469
1.840954
2.617772
1.840954
2.59944
1.863179
2.577778
1.885947
2.556474
1.909278
2.535519
1.929167
2.52517
1.945378
2.521739
1.945378
2.518317
1.945378
2.52861
1.921162
2.552957
1.870707
2.570637
1.822835
2.584958
1.794574
2.584958
1.780769
2.581363
1.780769
2.556474
1.798058
2.521739
1.819253
2.494624
1.840954
2.484605
1.863179
2.481283
1.863179
2.484605
1.863179
2.484605
1.863179
END
255
255
255
0
10
2.535519
1.69287
2.535519
1.695971
2.535519
1.699083
2.53206
1.699083
2.52861
1.699083
2.53206
1.699083
2.538988
1.686703
2.552957
1.662478
2.570637
1.64476
2.581363
1.627416
2.584958
1.627416
2.584958
1.630282
2.577778
1.647687
2.567082
1.67148
2.545953
1.695971
2.53206
1.72119
2.518317
1.737336
2.514905
1.740602
2.518317
1.737336
2.53206
1.717996
2.552957
1.683636
2.570637
1.65653
2.584958
1.633157
2.584958
1.630282
2.592179
1.621716
2.592179
1.624561
2.577778
1.636042
2.567082
1.653571
2.535519
1.680581
2.514905
1.699083
2.501348
1.708487
2.501348
1.705341
2.514905
1.680581
2.542466
1.638938
2.570637
1.593804
2.584958
1.564189
2.588563
1.558923
2.588563
1.561551
2.570637
1.566836
2.552957
1.580205
2.535519
1.593804
2.52517
1.602076
2.521739
1.602076
2.52517
1.599309
2.545953
1.572156
2.56
1.54591
2.574203
1.523026
2.577778
1.520525
2.574203
1.520525
2.56
1.530578
2.549451
1.540765
2.535519
1.54591
2.53206
1.553691
2.53206
1.551089
2.535519
1.54591
2.542466
1.533113
2.549451
1.515548
2.556474
1.505691
2.556474
1.50081
2.552957
1.50081
2.545953
1.505691
2.52861
1.520525
2.514905
1.538206
2.491275
1.561551
2.484605
1.57483
2.487936
1.57483
2.508108
1.566836
2.511502
1.566836
2.545953
1.548495
2.577778
1.530578
2.59944
1.523026
2.603086
1.523026
2.592179
1.538206
2.581363
1.553691
2.567082
1.572156
2.549451
1.591065
2.542466
1.616056
2.535519
1.636042
2.53206
1.647687
2.53206
1.653571
2.535519
1.653571
2.549451
1.64476
2.570637
1.627416
2.577778
1.621716
2.577778
1.618881
2.577778
1.621716
2.577778
1.630282
2.574203
1.64476
2.570637
1.659498
2.567082
1.677536
2.563536
1.689781
2.563536
1.69287
2.567082
1.69287
2.581363
1.689781
2.59944
1.677536
2.606742
1.674503
2.610408
1.674503
2.606742
1.674503
2.595804
1.686703
2.581363
1.699083
2.567082
1.708487
2.556474
1.717996
2.556474
1.714815
2.56
1.708487
2.563536
1.699083
2.567082
1.699083
2.563536
1.699083
2.552957
1.699083
2.549451
1.699083
2.52861
1.711645
2.518317
1.727612
2.514905
1.727612
2.508108
1.740602
2.504723
1.74717
2.501348
1.753788
2.501348
1.750473
2.504723
1.743879
2.504723
1.727612
2.504723
1.717996
2.508108
1.699083
2.508108
1.683636
2.508108
1.665468
2.511502
1.641844
2.514905
1.621716
2.514905
1.602076
2.514905
1.593804
2.514905
1.591065
2.514905
1.588336
2.52861
1.588336
2.542466
1.588336
2.545953
1.585616
2.552957
1.585616
2.556474
1.585616
2.56
1.585616
2.563536
1.585616
2.563536
1.593804
2.563536
1.602076
2.567082
1.621716
2.567082
1.636042
2.570637
1.650624
2.570637
1.65653
2.570637
1.659498
2.574203
1.65653
2.577778
1.650624
2.584958
1.636042
2.592179
1.618881
2.592179
1.610435
2.592179
1.602076
2.592179
1.593804
2.592179
1.585616
2.592179
1.577513
2.592179
1.569492
2.588563
1.561551
2.588563
1.558923
2.588563
1.553691
2.588563
1.551089
2.588563
1.540765
2.588563
1.533113
2.588563
1.523026
2.588563
1.515548
2.592179
1.508143
2.59944
1.50081
2.606742
1.491143
2.614084
1.483974
2.614084
1.476874
2.610408
1.476874
2.606742
1.4816
2.59944
1.493548
2.584958
1.508143
2.567082
1.530578
2.545953
1.564189
2.52861
1.591065
2.508108
1.61324
2.494624
1.630282
2.491275
1.636042
2.491275
1.638938
2.494624
1.64476
2.504723
1.65653
2.504723
1.662478
2.504723
1.662478
END
255
255
255
0
10
2.567082
1.957717
2.567082
1.961864
2.556474
1.961864
2.549451
1.961864
2.538988
1.957717
2.535519
1.957717
2.52861
1.957717
2.52517
1.945378
2.521739
1.945378
2.521739
1.9413
2.518317
1.9413
2.518317
1.945378
2.514905
1.949474
2.514905
1.957717
2.514905
1.961864
2.514905
1.970213
2.514905
1.991398
2.514905
2
2.514905
2.008677
2.514905
2.013043
2.514905
2.021834
2.518317
2.035165
2.52517
2.048673
2.52517
2.062361
2.52517
2.076233
2.52517
2.090293
2.52517
2.104545
2.52517
2.133641
2.52517
2.173709
2.52517
2.194313
2.52517
2.225961
2.52517
2.242131
2.52517
2.253041
2.52517
2.253041
END
255
255
255
0
10
2.268949
2.173709
2.268949
2.168618
2.266178
2.163551
2.266178
2.148492
2.266178
2.143518
2.266178
2.138568
2.268949
2.123853
2.27451
2.114155
2.27451
2.099773
2.27451
2.095023
2.27451
2.099773
2.266178
2.118993
2.260658
2.133641
2.257908
2.148492
2.255164
2.168618
2.249697
2.189125
2.249697
2.210024
2.246973
2.225961
2.244256
2.247573
2.241546
2.258537
2.241546
2.253041
2.241546
2.220623
2.246973
2.173709
2.255164
2.123853
2.263415
2.080899
2.266178
2.053215
2.266178
2.048673
2.268949
2.030702
2.271726
2.017429
2.271726
2.013043
2.271726
2.008677
2.268949
2.008677
2.268949
2.013043
2.266178
2.021834
2.260658
2.048673
2.255164
2.076233
2.249697
2.118993
2.241546
2.153488
2.238842
2.183962
2.236145
2.204762
2.233454
2.220623
2.230769
2.242131
2.22542
2.258537
2.220096
2.275184
2.217443
2.28642
2.214797
2.297767
2.212157
2.303483
2.212157
2.309227
2.209524
2.309227
2.209524
2.303483
2.209524
2.297767
2.209524
2.292079
2.212157
2.280788
2.217443
2.236715
2.22542
2.194313
2.241546
2.153488
2.252427
2.114155
2.257908
2.076233
2.266178
2.057778
2.271726
2.035165
2.27451
2.021834
2.277301
2.008677
2.280098
2
2.282903
1.99569
2.282903
1.991398
2.282903
1.982869
2.282903
1.974414
2.282903
1.970213
2.282903
1.96603
2.282903
1.957717
2.282903
1.953586
2.280098
1.945378
2.27451
1.937238
2.271726
1.933194
2.268949
1.929167
2.266178
1.929167
2.263415
1.933194
2.257908
1.945378
2.249697
1.970213
2.241546
1.991398
2.233454
2.021834
2.22542
2.062361
2.220096
2.090293
2.217443
2.118993
2.209524
2.133641
2.206897
2.148492
2.204276
2.163551
2.201661
2.178823
2.199052
2.194313
2.19645
2.204762
2.19645
2.210024
2.19645
2.215311
2.19645
2.210024
2.206897
2.194313
2.220096
2.153488
2.233454
2.109339
2.244256
2.071588
2.249697
2.04415
2.255164
2.013043
2.257908
1.99569
2.260658
1.982869
2.260658
1.970213
2.260658
1.957717
2.260658
1.945378
2.260658
1.933194
2.260658
1.917184
2.257908
1.913223
2.252427
1.921162
2.244256
1.945378
2.233454
1.970213
2.22542
2.004329
2.220096
2.035165
2.212157
2.057778
2.206897
2.076233
2.201661
2.090293
2.199052
2.099773
2.199052
2.104545
2.199052
2.099773
2.199052
2.099773
END
255
255
255
0
10
3.704591
5.383721
3.704591
5.352601
3.704591
5.261364
3.704591
5.231638
3.697211
5.231638
3.667984
5.511905
3.632094
5.935897
3.617934
6.092105
3.617934
6.13245
3.617934
6.092105
3.617934
5.898089
3.617934
5.646341
3.625
5.352601
3.625
5.202247
3.610895
5.005405
3.603884
5.005405
3.596899
5.005405
3.576108
5.060109
3.56238
5.087912
3.535238
5.291429
3.508507
5.578313
3.501887
5.860759
3.488722
6.012987
3.488722
6.092105
3.482176
6.092105
3.482176
5.935897
3.482176
5.612121
3.482176
5.291429
3.482176
5.116022
3.482176
5.032609
3.475655
5.032609
3.469159
5.173184
3.443414
5.47929
3.437037
5.898089
3.418048
6.214765
3.405505
6.430555
3.399267
6.475524
3.393053
6.475524
3.393053
6.430555
3.393053
6.214765
3.393053
5.751553
3.393053
5.716049
3.386861
5.291429
3.380692
4.978495
3.362319
4.822917
3.362319
4.797927
3.35018
4.848167
3.33813
5.087912
3.320215
5.383721
3.29078
5.716049
3.273369
5.974194
3.267606
6.173333
3.261863
6.173333
3.267606
6.13245
3.273369
5.898089
3.29078
5.612121
3.308378
5.352601
3.308378
5.261364
3.302491
5.291429
3.273369
5.511905
3.239093
5.751553
3.216638
6.092105
3.205527
6.214765
3.2
6.256757
3.205527
6.256757
3.205527
6.214765
3.205527
6.214765
END
255
255
255
0
10
2.795181
8.122807
2.786787
8.052174
2.77429
7.982759
2.761905
7.982759
2.766021
7.982759
2.799397
7.781513
2.83792
7.590164
2.846626
7.408
2.850998
7.408
2.842267
7.408
2.824962
7.349206
2.77429
7.349206
2.74963
7.349206
2.741507
7.349206
2.737463
7.291338
2.745562
7.291338
2.77429
7.178295
2.816388
6.962406
2.842267
6.859259
2.846626
6.859259
2.842267
6.859259
2.812121
6.808824
2.753709
6.808824
2.689855
6.808824
2.678211
6.808824
2.682081
6.808824
2.701601
6.759124
2.737463
6.614286
2.761905
6.430555
2.766021
6.342466
2.761905
6.342466
2.737463
6.342466
2.685962
6.386207
2.621469
6.430555
2.595804
6.430555
2.59944
6.430555
2.621469
6.430555
2.659026
6.386207
2.685962
6.256757
2.689855
6.256757
2.685962
6.256757
2.666667
6.29932
2.628895
6.430555
2.588563
6.567376
2.556474
6.614286
2.563536
6.614286
2.584958
6.66187
2.595804
6.66187
2.59944
6.66187
2.59944
6.710145
2.59944
6.759124
2.603086
6.910448
2.59944
7.068702
2.59944
7.123077
2.59944
7.178295
2.617772
7.291338
2.632624
7.467742
2.640114
7.467742
2.643875
7.467742
2.659026
7.467742
2.662841
7.467742
2.666667
7.467742
2.666667
7.408
2.651428
7.291338
2.632624
7.178295
2.628895
6.962406
2.628895
6.859259
2.632624
6.614286
2.636364
6.342466
2.640114
6.214765
2.640114
6.173333
2.636364
6.13245
2.632624
6.13245
2.632624
6.012987
2.643875
5.898089
2.647646
5.860759
2.662841
5.860759
2.674352
5.823899
2.689855
5.823899
2.701601
5.823899
2.705539
5.860759
2.71345
5.898089
2.717423
5.974194
2.725404
6.012987
2.74963
6.092105
2.77429
6.214765
2.790977
6.29932
2.799397
6.342466
2.803625
6.342466
2.829268
6.342466
2.850998
6.342466
2.868624
6.342466
2.873065
6.386207
2.873065
6.430555
2.877519
6.430555
2.9
6.475524
2.9
6.475524
END
255
255
255
0
10
2.567082
4.822917
2.570637
4.822917
2.588563
4.822917
2.610408
4.822917
2.632624
4.822917
2.636364
4.822917
2.614084
4.773196
2.577778
4.773196
2.556474
4.748718
2.549451
4.748718
2.545953
4.72449
2.563536
4.72449
2.59944
4.676768
2.636364
4.561576
2.643875
4.517073
2.643875
4.495146
2.621469
4.495146
2.577778
4.495146
2.552957
4.495146
2.549451
4.495146
2.567082
4.495146
2.59944
4.430622
2.632624
4.388626
2.640114
4.347418
2.640114
4.306977
2.614084
4.306977
2.563536
4.306977
2.53206
4.327103
2.521739
4.367925
2.52517
4.367925
2.545953
4.367925
2.567082
4.306977
2.570637
4.287037
2.567082
4.287037
2.545953
4.267281
2.501348
4.287037
2.445323
4.306977
2.426144
4.306977
2.429319
4.306977
2.455026
4.327103
2.484605
4.347418
2.504723
4.287037
2.508108
4.287037
2.504723
4.267281
2.491275
4.267281
2.458278
4.287037
2.435696
4.327103
2.426144
4.347418
2.422976
4.367925
2.426144
4.367925
2.429319
4.367925
2.426144
4.367925
2.413524
4.367925
2.404145
4.367925
2.401035
4.367925
2.397933
4.367925
2.394839
4.347418
2.388674
4.347418
2.391752
4.327103
2.445323
4.115556
2.458278
4.026087
2.455026
4.026087
2.419817
4.026087
2.385604
4.026087
2.373402
4.026087
2.379487
4.026087
2.394839
3.974249
2.422976
3.874477
2.448549
3.795082
2.461539
3.748988
2.464808
3.748988
2.461539
3.748988
2.458278
3.748988
2.455026
3.748988
2.458278
3.764228
2.474667
3.764228
2.497981
3.748988
2.514905
3.733871
2.511502
3.733871
2.484605
3.779592
2.461539
3.858333
2.455026
3.890756
2.451783
3.890756
2.455026
3.890756
2.477971
3.923729
2.497981
3.923729
2.504723
3.923729
2.501348
3.923729
2.484605
3.991379
2.474667
4.079295
2.484605
4.097345
2.535519
4.097345
2.592179
4.061403
2.617772
4.061403
2.614084
4.061403
2.592179
4.061403
2.556474
4.061403
2.535519
4.079295
2.538988
4.079295
2.56
4.079295
2.588563
4.026087
2.59944
4.026087
2.603086
4.026087
2.632624
3.940426
2.674352
3.874477
2.689855
3.874477
2.685962
3.874477
2.674352
3.907173
2.674352
3.923729
2.670504
3.923729
2.670504
3.940426
2.689855
3.957265
2.705539
3.957265
2.721408
3.974249
2.725404
3.974249
2.721408
3.974249
2.705539
4.026087
2.689855
4.079295
2.693759
4.079295
2.71345
4.079295
2.71345
4.061403
2.71345
4.043668
2.709489
4.043668
2.685962
4.079295
2.655222
4.115556
2.640114
4.171171
2.640114
4.190045
2.643875
4.190045
2.659026
4.190045
2.682081
4.190045
2.701601
4.190045
2.705539
4.190045
2.701601
4.190045
2.689855
4.247706
2.659026
4.347418
2.643875
4.430622
2.643875
4.409524
2.655222
4.306977
2.662841
4.190045
2.666667
4.079295
2.666667
3.991379
2.655222
3.974249
2.643875
3.923729
2.625177
3.907173
2.59944
3.890756
2.574203
3.890756
2.556474
3.890756
2.552957
3.890756
2.545953
3.890756
2.53206
3.890756
2.52517
3.890756
2.514905
3.874477
2.508108
3.842324
2.504723
3.842324
2.494624
3.826446
2.481283
3.826446
2.455026
3.826446
2.442105
3.826446
2.435696
3.826446
2.435696
3.842324
2.432503
3.890756
2.429319
3.974249
2.426144
4.043668
2.432503
4.079295
2.442105
4.133929
2.445323
4.190045
2.451783
4.247706
2.455026
4.306977
2.455026
4.327103
2.458278
4.347418
2.461539
4.367925
2.464808
4.367925
2.464808
4.409524
2.464808
4.430622
2.474667
4.451923
2.477971
4.495146
2.481283
4.495146
2.481283
4.517073
2.481283
4.561576
2.484605
4.584158
2.484605
4.606965
2.484605
4.63
2.484605
4.653266
2.484605
4.676768
2.487936
4.653266
2.494624
4.63
2.494624
4.63
END
255
0
0
255
10
3.135135
9.851064
3.14044
9.851064
3.183533
9.851064
3.227826
9.747369
3.25614
9.747369
3.25614
9.645833
3.227826
9.645833
3.189003
9.546391
3.14044
9.546391
3.093333
9.546391
3.077944
9.546391
3.083056
9.546391
3.103679
9.26
3.135135
8.903846
3.156463
8.495413
3.156463
8.418181
3.151103
8.418181
3.108878
8.418181
3.03268
8.342342
2.964856
8.418181
2.960128
8.418181
2.964856
8.418181
3.027732
8.418181
3.098497
8.122807
3.156463
7.781513
3.17265
7.716667
3.167236
7.716667
3.119328
7.781513
3.037643
7.847457
2.979133
7.982759
2.974359
7.982759
2.964856
7.982759
2.9696
7.982759
3.003236
8.052174
3.093333
7.982759
3.178082
7.982759
3.205527
7.982759
3.2
7.982759
3.17265
7.982759
3.088186
7.982759
3.027732
8.052174
3.012987
8.052174
3.017886
8.052174
3.052632
7.847457
3.098497
7.467742
3.114094
7.234375
3.108878
7.234375
3.077944
7.234375
3.03268
7.234375
3.008104
7.234375
3.003236
7.291338
3.008104
7.291338
3.03268
7.291338
3.047619
7.068702
3.052632
7.068702
3.088186
7.068702
3.119328
7.068702
3.124579
7.068702
3.135135
7.123077
3.14044
7.234375
3.16184
7.291338
3.189003
7.408
3.216638
7.528455
3.239093
7.590164
3.244755
7.590164
3.250438
7.590164
3.25614
7.652893
3.261863
7.652893
3.261863
7.716667
3.261863
7.781513
3.261863
7.847457
3.267606
7.982759
3.273369
8.122807
3.273369
8.194691
3.273369
8.342342
3.267606
8.418181
3.261863
8.418181
3.25614
8.418181
3.25614
8.495413
3.239093
8.654205
3.222222
8.654205
3.194492
8.819048
3.17265
8.903846
3.129848
8.903846
3.067769
8.990292
3.027732
9.078431
3.003236
9.078431
2.983923
9.078431
2.979133
9.078431
2.974359
9.078431
2.9696
9.078431
2.960128
9.078431
2.955414
9.078431
2.946032
8.903846
2.936709
8.819048
2.93207
8.735849
2.93207
8.735849
END
255
0
0
255
10
2.426144
1.909278
2.419817
1.909278
2.416667
1.897541
2.416667
1.874494
2.416667
1.840954
2.419817
1.819253
2.419817
1.822835
2.41039
1.837302
2.41039
1.840954
2.391752
1.863179
2.373402
1.893661
2.361323
1.933194
2.352345
1.957717
2.346397
1.96603
2.349367
1.961864
2.367347
1.921162
2.394839
1.866935
2.416667
1.819253
2.429319
1.801556
2.432503
1.801556
2.416667
1.812133
2.407263
1.840954
2.385604
1.874494
2.364331
1.921162
2.361323
1.925156
2.352345
1.96603
2.343434
1.982869
2.343434
1.978632
2.361323
1.937238
2.382542
1.882114
2.407263
1.822835
2.422976
1.787645
2.426144
1.767176
2.429319
1.767176
2.426144
1.767176
2.41039
1.777351
2.388674
1.798058
2.364331
1.819253
2.349367
1.840954
2.343434
1.844622
2.346397
1.844622
2.364331
1.808594
2.394839
1.76381
2.41039
1.72119
2.413524
1.702206
2.413524
1.705341
2.397933
1.727612
2.382542
1.760456
2.367347
1.791103
2.364331
1.794574
2.343434
1.82643
2.334591
1.852
2.331658
1.855711
2.331658
1.852
2.346397
1.819253
2.364331
1.777351
2.379487
1.743879
2.388674
1.72119
2.388674
1.717996
2.385604
1.717996
2.37037
1.724395
2.346397
1.74717
2.334591
1.780769
2.331658
1.787645
2.334591
1.787645
2.343434
1.777351
2.352345
1.777351
2.352345
1.777351
END
255
0
128
0
10
2.426144
3.391941
2.426144
3.379562
2.429319
3.34296
2.429319
3.318996
2.429319
3.330935
2.426144
3.355072
2.419817
3.416974
2.404145
3.520913
2.391752
3.617188
2.385604
3.674603
2.385604
3.689243
2.385604
3.674603
2.397933
3.561538
2.416667
3.404412
2.426144
3.272085
2.426144
3.249123
2.422976
3.237762
2.413524
3.295374
2.388674
3.391941
2.367347
3.520913
2.364331
3.534351
2.343434
3.689243
2.32
3.795082
2.317104
3.842324
2.317104
3.826446
2.334591
3.660079
2.37037
3.404412
2.397933
3.193104
2.413524
3.117845
2.41039
3.117845
2.404145
3.138983
2.385604
3.204152
2.367347
3.295374
2.352345
3.404412
2.343434
3.442379
2.340479
3.455224
2.346397
3.416974
2.364331
3.295374
2.391752
3.107383
2.416667
2.958467
2.429319
2.89375
2.426144
2.89375
2.407263
2.977492
2.385604
3.046053
2.358323
3.128378
2.334591
3.193104
2.32
3.249123
2.317104
3.260563
2.322904
3.215278
2.352345
3.076412
2.352345
3.066225
2.379487
2.949045
2.407263
2.840491
2.41039
2.806061
2.41039
2.81459
2.391752
2.866873
2.361323
2.93038
2.343434
2.977492
2.337532
3.006494
2.337532
2.996764
2.358323
2.949045
2.373402
2.884735
2.382542
2.849231
2.388674
2.840491
2.391752
2.840491
2.391752
2.840491
END
255
255
0
0
10
2.257908
2.949045
2.257908
2.958467
2.257908
2.921136
2.257908
2.858025
2.266178
2.780781
2.266178
2.755952
2.263415
2.764179
2.252427
2.81459
2.241546
2.89375
2.233454
2.977492
2.228091
3.036066
2.22542
3.066225
2.22542
3.056106
2.238842
2.967949
2.257908
2.840491
2.268949
2.707602
2.27451
2.645714
2.27451
2.638177
2.271726
2.645714
2.260658
2.69186
2.236145
2.823171
2.206897
2.977492
2.193853
3.056106
2.193853
3.066225
2.204276
2.977492
2.217443
2.831804
2.238842
2.707602
2.255164
2.579387
2.257908
2.495957
2.257908
2.469333
2.257908
2.462766
2.241546
2.482574
2.22542
2.550964
2.209524
2.615819
2.193853
2.653295
2.193853
2.668588
2.193853
2.660919
2.209524
2.601124
2.230769
2.495957
2.249697
2.405195
2.252427
2.380463
2.249697
2.380463
2.236145
2.436842
2.220096
2.495957
2.206897
2.543956
2.193853
2.579387
2.193853
2.586592
2.193853
2.579387
2.201661
2.530055
2.217443
2.443272
2.233454
2.392765
2.238842
2.368286
2.238842
2.374359
2.22542
2.417755
2.214797
2.436842
2.214797
2.436842
END
255
255
0
0
10
2.595804
2.806061
2.595804
2.797583
2.595804
2.772455
2.595804
2.715543
2.595804
2.660919
2.595804
2.630682
2.595804
2.62323
2.595804
2.630682
2.588563
2.668588
2.577778
2.715543
2.577778
2.723529
2.56
2.806061
2.545953
2.884735
2.535519
2.939682
2.52517
2.949045
2.52861
2.949045
2.549451
2.866873
2.581363
2.747774
2.59944
2.645714
2.614084
2.586592
2.625177
2.572222
2.617772
2.572222
2.603086
2.62323
2.588563
2.699708
2.567082
2.789157
2.545953
2.875776
2.52861
2.939682
2.52861
2.949045
2.535519
2.902821
2.567082
2.789157
2.59944
2.668588
2.621469
2.572222
2.632624
2.530055
2.628895
2.530055
2.606742
2.572222
2.574203
2.630682
2.542466
2.69186
2.511502
2.764179
2.504723
2.780781
2.508108
2.780781
2.52517
2.715543
2.56
2.615819
2.581363
2.550964
2.577778
2.509485
2.574203
2.509485
2.549451
2.536986
2.518317
2.586592
2.484605
2.638177
2.471371
2.668588
2.468085
2.676301
2.468085
2.668588
2.494624
2.593837
2.52517
2.516304
2.545953
2.456234
2.545953
2.462766
2.535519
2.502703
2.52517
2.550964
2.518317
2.601124
2.514905
2.660919
2.508108
2.715543
2.501348
2.789157
2.494624
2.849231
2.484605
2.902821
2.484605
2.93038
2.484605
2.939682
2.484605
2.949045
2.484605
2.967949
2.484605
3.006494
2.487936
3.036066
2.484605
3.076412
2.484605
3.128378
2.484605
3.160409
2.484605
3.193104
2.484605
3.182131
2.501348
3.086667
2.514905
2.977492
2.535519
2.89375
2.556474
2.840491
2.56
2.806061
2.56
2.797583
2.567082
2.772455
2.570637
2.755952
2.570637
2.747774
2.574203
2.731563
2.577778
2.715543
2.577778
2.676301
2.574203
2.630682
2.570637
2.579387
2.570637
2.530055
2.567082
2.495957
2.567082
2.482574
2.567082
2.469333
2.567082
2.462766
2.570637
2.462766
2.577778
2.456234
2.581363
2.449735
2.592179
2.449735
2.606742
2.436842
2.610408
2.430446
2.614084
2.430446
2.617772
2.430446
2.621469
2.436842
2.621469
2.436842
END
255
0
0
255
10
2.268949
4.495146
2.268949
4.47343
2.271726
4.367925
2.271726
4.347418
2.280098
4.171171
2.280098
4.152466
2.291358
3.974249
2.291358
3.923729
2.291358
3.940426
2.282903
4.026087
2.263415
4.209091
2.252427
4.430622
2.241546
4.584158
2.236145
4.700508
2.233454
4.72449
2.236145
4.72449
2.236145
4.700508
2.249697
4.495146
2.266178
4.228311
2.27451
4.026087
2.27451
3.974249
2.27451
3.991379
2.257908
4.097345
2.244256
4.306977
2.22542
4.539216
2.209524
4.873684
2.199052
5.087912
2.19645
5.202247
2.19645
5.173184
2.209524
4.899471
2.228091
4.495146
2.241546
4.115556
2.241546
3.874477
2.238842
3.748988
2.236145
3.733871
2.230769
3.779592
2.217443
3.923729
2.199052
4.115556
2.186101
4.347418
2.183529
4.347418
2.17076
4.561576
2.17076
4.584158
2.168224
4.653266
2.17076
4.653266
2.188679
4.388626
2.220096
4.026087
2.249697
3.704
2.266178
3.507576
2.266178
3.468165
2.263415
3.468165
2.252427
3.561538
2.236145
3.704
2.217443
3.842324
2.204276
3.991379
2.201661
4.008658
2.206897
3.991379
2.22542
3.779592
2.257908
3.534351
2.285714
3.330935
2.288533
3.330935
2.30273
3.260563
2.299876
3.272085
2.282903
3.34296
2.257908
3.481203
2.241546
3.575289
2.22542
3.645669
2.222754
3.674603
2.222754
3.660079
2.236145
3.547893
2.246973
3.481203
2.244256
3.481203
2.230769
3.547893
2.206897
3.660079
2.191263
3.748988
2.186101
3.779592
2.188679
3.764228
2.209524
3.631372
2.217443
3.547893
2.217443
3.534351
2.209524
3.575289
2.19645
3.617188
2.188679
3.631372
2.186101
3.645669
2.186101
3.660079
2.180964
3.674603
2.178404
3.674603
2.178404
3.674603
END
255
0
128
0
10
2.451783
10.06522
2.451783
10.28889
2.438896
10.89412
2.416667
12.86111
2.379487
16.83636
2.346397
23.74359
2.328733
29.87097
2.328733
29.87097
END
255
11
185
153
10
2.249697
8.574074
2.244256
8.819048
2.220096
9.645833
2.168224
11.4321
2.099548
14.0303
2.094808
14.24615
2.026201
18.15686
2.010834
19.29167
2.010834
19.29167
END
255
11
185
153
10
2.023991
6.173333
1.985027
6.710145
1.929314
7.234375
1.874748
7.716667
1.872856
7.781513
1.850449
7.847457
1.850449
7.847457
END
255
11
185
153
10
1.976571
3.764228
1.95163
3.8107
1.911432
3.890756
1.867203
3.923729
1.839445
3.907173
1.830375
3.874477
1.830375
3.874477
END
255
11
185
153
10
1.931322
2.676301
1.92731
2.684058
1.888098
2.707602
1.886179
2.707602
1.830375
2.707602
1.826772
2.707602
1.777778
2.684058
1.777778
2.684058
END
255
11
185
153
10
2.017391
2.392765
2.00432
2.392765
1.957806
2.374359
1.888098
2.303483
1.884264
2.297767
1.835806
2.225961
1.835806
2.225961
END
255
11
185
153
10
2.037322
1.96603
2.030635
1.96603
2.008658
1.96603
1.970276
1.949474
1.923316
1.90535
1.921325
1.901437
1.893878
1.855711
1.893878
1.855711
END
255
11
185
153
10
2.113895
1.815686
2.113895
1.812133
2.09009
1.787645
2.044053
1.74717
2
1.69287
1.97237
1.653571
1.97237
1.653571
END
255
11
185
153
10
2.241546
1.624561
2.236145
1.621716
2.220096
1.599309
2.199052
1.564189
2.168224
1.523026
2.153132
1.508143
2.153132
1.508143
END
255
11
185
153
10
2.429319
1.483974
2.413524
1.476874
2.385604
1.449139
2.346397
1.40303
2.30559
1.355783
2.288533
1.336219
2.288533
1.336219
END
255
11
185
153
10
2.610408
1.36377
2.610408
1.353801
2.610408
1.336219
2.621469
1.313475
2.662841
1.286111
2.741507
1.263301
2.741507
1.263301
END
255
11
185
153
10
2.93207
1.319088
2.936709
1.317212
2.983923
1.306065
3.098497
1.289694
3.279152
1.271978
3.430684
1.265027
3.555556
1.265027
3.603884
1.271978
3.603884
1.271978
END
255
11
185
153
10
3.488722
1.373887
3.515152
1.365782
3.625
1.347889
3.826804
1.336219
4.106194
1.332374
4.247139
1.332374
4.247139
1.332374
END
255
11
185
153
10
4.026031
1.424615
4.043573
1.424615
4.208617
1.409437
4.440191
1.396682
4.783505
1.396682
5.141274
1.400908
5.348703
1.409437
5.348703
1.409437
END
255
11
185
153
10
4.923077
1.528053
4.949333
1.528053
5.141274
1.513072
5.474926
1.486356
5.910828
1.462875
6.27027
1.460568
6.291525
1.460568
6.291525
1.460568
END
255
11
185
153
10
5.854889
1.677536
6.186666
1.689781
6.823529
1.705341
7.57551
1.734082
7.897872
1.757116
7.897872
1.76381
7.897872
1.76381
END
255
11
185
153
10
5.540298
1.885947
5.641337
1.90535
5.948718
1.96603
6.535211
2.030702
7.22179
2.114155
7.798319
2.173709
7.798319
2.173709
END
255
11
185
153
10
5.641337
2.258537
5.929712
2.297767
6.378007
2.368286
6.700361
2.411458
7.057034
2.449735
7.166023
2.462766
7.166023
2.462766
END
255
11
185
153
10
5.590362
2.707602
5.8
2.755952
6.27027
2.831804
7.003774
2.967949
7.798319
3.086667
8.212389
3.171233
8.285714
3.182131
8.285714
3.182131
END
255
11
185
153
10
5.523809
3.283688
5.590362
3.318996
5.74613
3.391941
6.145695
3.534351
6.724638
3.779592
6.749091
3.795082
7.25
4.061403
7.453815
4.228311
7.453815
4.228311
END
255
11
185
153
10
4.923077
4.47343
5.002696
4.606965
5.213483
4.978495
5.491124
5.511905
5.728395
6.052288
5.763975
6.342466
5.763975
6.342466
END
255
11
185
153
10
4.526829
6.66187
4.571429
6.910448
4.686869
7.528455
4.897098
9.078431
5.112947
11.87179
5.213483
15.69491
5.213483
17.14815
5.184358
17.14815
5.184358
17.14815
END
255
11
185
153
10
3.92389
11.575
3.907368
12.68493
3.92389
15.69491
3.948936
21.53488
3.948936
25.72222
3.948936
25.72222
END
255
11
185
153
10
3.541985
16.53572
3.501887
20.57778
3.443414
31.93103
3.368421
71.23077
3.326165
132.2857
3.326165
132.2857
END
255
11
185
153
10
3.108878
22.04762
3.088186
24.36842
3.042623
29.87097
2.979133
38.58333
2.93207
42.09091
2.93207
42.09091
END
255
11
185
153
10
2.868624
20.57778
2.868624
21.04545
2.846626
21.53488
2.803625
25.72222
2.729412
33.07143
2.717423
34.2963
2.717423
34.2963
END
255
11
185
153
10
2.647646
13.8209
2.643875
13.8209
2.625177
14.69841
2.588563
16.83636
2.545953
20.57778
2.52861
21.53488
2.52861
21.53488
END
255
11
185
153
10
