False
0
2
Layer 0
Pen
7.57551
5.060109
7.51417
4.748718
7.669422
4.495146
7.864407
4.247706
8.069565
4.008658
8.474886
3.718875
8.880383
3.49434
9.28
3.272085
9.717278
3.086667
10.1978
2.91195
11.04762
2.645714
11.31707
2.550964
10.72832
2.489247
9.925134
2.489247
8.632558
2.530055
7.483871
2.593837
6.444445
2.69186
5.540298
2.806061
4.845953
2.958467
4.306264
3.107383
3.92389
3.249123
3.56238
3.416974
3.279152
3.547893
3.057661
3.660079
2.890966
3.733871
2.757801
3.779592
2.662841
3.795082
2.588563
3.795082
2.552957
3.764228
2.552957
3.520913
2.581363
3.404412
2.636364
3.283688
2.717423
3.117845
2.820669
2.967949
2.936709
2.806061
3.042623
2.638177
3.16184
2.449735
3.261863
2.315
3.33813
2.194313
3.393053
2.114155
3.456238
2.039648
3.501887
1.991398
3.368421
1.970213
3.239093
1.99569
3.098497
2.035165
2.960128
2.085586
2.824962
2.138568
2.670504
2.194313
2.549451
2.247573
2.442105
2.297767
2.349367
2.326633
2.282903
2.338384
2.217443
2.344304
2.165694
2.338384
2.126002
2.320802
2.099548
2.303483
2.078387
2.215311
2.085393
2.114155
2.097175
2.057778
2.11149
1.987124
2.126002
1.90535
2.143187
1.837302
2.158139
1.753788
2.17585
1.689781
2.180964
1.630282
2.183529
1.585616
2.173302
1.556303
2.150637
1.538206
2.116306
1.530578
2.066815
1.535655
2.006486
1.558923
1.941423
1.593804
1.882353
1.630282
1.808967
1.699083
1.789778
1.714815
END
255
0
0
0
1
Layer 2
Pen,Pen
1.098225
2.28642
1.103448
2.326633
1.112043
2.430446
1.119421
2.489247
1.128268
2.579387
1.13865
2.69186
1.152079
2.81459
1.16803
2.987097
1.191271
3.215278
1.216252
3.507576
1.237333
3.764228
1.254902
4.043668
1.26603
4.306977
1.279118
4.606965
1.283541
4.848167
1.289785
5.291429
1.295185
5.060109
1.29338
4.63
1.289785
4.247706
1.286209
3.826446
1.281768
3.42963
1.276479
3.117845
1.266894
2.831804
1.255751
2.550964
1.244802
2.350254
1.234043
2.199525
1.224274
2.085586
1.21466
2.008677
1.207547
1.953586
1.203632
1.909278
1.216252
1.929167
1.228326
1.970213
1.248151
2.030702
1.266894
2.099773
1.292479
2.189125
1.310735
2.253041
1.333333
2.356234
1.354745
2.469333
1.372781
2.586592
1.390262
2.707602
1.407127
2.831804
1.423313
2.977492
1.439876
3.128378
1.451134
3.249123
1.460268
3.318996
1.474186
3.318996
1.480064
3.14966
1.481245
3.006494
1.481245
2.858025
1.481245
2.676301
1.482428
2.495957
1.481245
2.326633
1.474186
2.189125
1.467194
2.071588
1.456829
1.961864
1.447738
1.893661
1.43876
1.840954
1.426595
1.805068
1.416794
1.82643
1.41896
1.893661
1.424405
1.945378
1.433205
2.004329
1.444358
2.080899
1.456829
2.163551
1.470681
2.264059
1.4848
2.368286
1.499192
2.475936
1.51634
2.593837
1.536424
2.731563
1.555742
2.884735
1.57155
3.016287
1.594502
3.215278
1.612511
3.391941
1.635242
3.603113
1.652716
3.764228
1.669065
3.940426
END
255
255
0
0
1
1.891947
3.34296
1.907503
3.42963
1.915377
3.295374
1.901639
3.14966
1.884264
2.967949
1.863454
2.806061
1.846766
2.699708
1.832182
2.62323
1.816047
2.516304
1.79845
2.424084
1.78119
2.338384
1.762583
2.258537
1.746002
2.189125
1.734579
2.123853
1.718518
2.071588
1.707452
2.017429
1.694977
1.974414
1.678119
1.929167
1.661594
1.882114
1.64539
1.848303
1.632366
1.819253
1.616725
1.791103
1.604149
1.770555
1.587682
1.74717
1.559664
1.717996
1.545379
1.705341
1.532618
1.695971
1.518822
1.680581
1.506493
1.665468
1.488372
1.641844
1.477707
1.627416
1.466035
1.61324
1.456829
1.593804
1.440994
1.566836
1.429892
1.538206
1.423313
1.503247
1.420046
1.469841
1.420046
1.437888
1.426595
1.400908
1.429892
1.373887
1.430995
1.353801
1.420046
1.367799
1.413557
1.384156
1.403933
1.40303
1.389222
1.422427
1.369742
1.442368
1.348837
1.462875
1.336213
1.476874
1.325714
1.486356
1.315379
1.491143
1.300631
1.505691
1.289785
1.510604
1.278237
1.520525
1.268626
1.525535
1.259159
1.533113
1.250674
1.538206
1.240642
1.54591
1.232404
1.551089
1.231586
1.525535
1.235686
1.50081
1.240642
1.472178
1.248151
1.437888
1.253207
1.415902
1.259159
1.396682
1.26603
1.375929
1.276479
1.351825
1.287101
1.33046
1.29881
1.309759
1.311661
1.293296
1.325714
1.275482
1.339105
1.259864
1.351784
1.249663
1.367723
1.239625
1.38301
1.229748
1.399698
1.224868
1.415713
1.220026
1.434312
1.218421
1.45
1.215223
1.464878
1.215223
1.477707
1.21363
1.490763
1.21363
1.513866
1.215223
1.526316
1.221636
1.545379
1.239625
1.560976
1.268493
1.567568
1.286111
1.575552
1.306065
1.58092
1.33046
1.586325
1.353801
1.593133
1.384156
1.597246
1.409437
1.60138
1.435659
1.604149
1.462875
1.604149
1.491143
1.605536
1.515548
1.605536
1.543333
1.605536
1.57483
1.620961
1.561551
1.633803
1.525535
1.64539
1.488746
1.654189
1.462875
1.661594
1.437888
1.67509
1.411585
1.687273
1.388306
1.698079
1.365782
1.710599
1.34593
1.724907
1.328551
1.736202
1.311615
1.754253
1.289694
1.764259
1.275482
1.742723
1.275482
1.715342
1.284327
1.698079
1.286111
1.682684
1.291492
1.660107
1.296919
1.639576
1.296919
1.616725
1.302391
1.590403
1.304225
1.567568
1.304225
1.545379
1.306065
1.527572
1.306065
1.510171
1.306065
1.496774
1.306065
1.4848
1.306065
1.471848
1.296919
1.491961
1.300562
1.510171
1.309759
1.530091
1.319088
1.550543
1.33046
1.572881
1.336219
1.594502
1.342029
1.616725
1.342029
1.638129
1.343977
1.658624
1.343977
1.681159
1.347889
1.701192
1.347889
1.724907
1.347889
1.750943
1.347889
1.779482
1.347889
1.807205
1.347889
1.837624
1.34593
1.869084
1.342029
1.893878
1.342029
1.923316
1.336219
1.953684
1.332374
1.97237
1.319088
1.991416
1.302391
1.991416
1.284327
1.985027
1.266758
1.98079
1.247978
1.978678
1.228117
1.98079
1.205729
1.989282
1.187179
2.002157
1.17067
2.030635
1.1575
2.055371
1.151741
2.09009
1.148883
2.12357
1.14746
2.158139
1.14746
2.19645
1.14604
2.222754
1.14604
2.268949
1.14604
2.32
1.156055
2.349367
1.16478
2.379487
1.172152
2.429319
1.187179
2.455026
1.196382
2.501348
1.21682
2.538988
1.241287
2.570637
1.270233
2.588563
1.295105
2.603086
1.32475
2.603086
1.353801
2.603086
1.38003
2.588563
1.400908
2.567082
1.420245
2.538988
1.433437
2.504723
1.442368
2.461539
1.449139
2.419817
1.444618
2.394839
1.422427
2.391752
1.39039
2.413524
1.359765
2.448549
1.33046
2.477971
1.32097
2.521739
1.311615
2.574203
1.304225
2.647646
1.300562
2.717423
1.300562
2.795181
1.300562
2.881988
1.300562
2.974359
1.306065
3.083056
1.313475
3.183533
1.32475
3.302491
1.336219
3.393053
1.353801
3.475655
1.367799
3.548757
1.384156
3.625
1.40303
3.689861
1.420245
3.741935
1.437888
3.795501
1.455975
3.834711
1.476874
3.89916
1.513072
3.940552
1.54591
3.948936
1.580205
3.957356
1.607639
3.957356
1.636042
END
255
255
0
0
1
